bead_index,peak_z,peak_y,peak_x,centroid_z_um,centroid_y_um,centroid_x_um,fwhm_z_um,fwhm_y_um,fwhm_x_um,fwhm_pca1_um,fwhm_pca2_um,fwhm_pca3_um,pca_axis1,pca_axis2,pca_axis3,tilt_angle_y_deg,tilt_angle_x_deg,skew_pc1,kurt_pc1,snr,vol_ratio_05_01,pc1_z_angle_deg,astig_um
0,1504,339,626,2.348269092738981,1.9609328169240374,2.018361244759251,0.69,1.2000000000000002,0.30000000000000004,0.9547738693467336,0.4522613065326633,0.40201005025125625,"[-0.7037143426808736, -0.7101686598762391, -0.02113287568723809]","[-0.7101351866559052, 0.7039892359358497, -0.0103524083980821]","[-0.022229273006743537, -0.00772206034971256, 0.9997230762593944]",0.2961483902408922,-0.004542537596532841,0.04459147776964103,-0.4292839637059642,272.6182881569194,0.09112195121951219,45.27422888794231,0.05025125628140703
1,413,364,1254,2.363772410358258,1.9680838912336167,2.0137913742428157,0.87,1.4000000000000001,0.4,1.1557788944723617,0.5527638190954773,0.4522613065326633,"[-0.7117676174468366, -0.7022960263635745, -0.012928654531182672]","[-0.700527983131142, 0.7110834697696693, -0.06017344821880978]","[-0.05145292610015117, 0.03377262758893413, 0.9981042059932778]",0.2619073426642109,-0.003244156656830429,-0.012607714791247117,-0.4809366872399963,375.49240728878334,0.06486228687254084,44.6210838691487,0.10050251256281406
2,1397,352,1314,2.386729001744301,1.9894120119357699,2.0112851972710106,0.75,1.0,0.4,1.0552763819095476,0.4522613065326633,0.40201005025125625,"[-0.6386204664003048, -0.7695217617601325, -0.0003975829960705873]","[-0.7674010534144123, 0.636898668219912, -0.0738627757273781]","[-0.05709223338692983, 0.04686517467463509, 0.9972683351483734]",0.11676927706213437,-0.00029497734159024137,0.009606947754692473,-0.44736917311673263,329.5484012902131,0.09070387851426226,50.310972096274654,0.05025125628140703
3,586,370,892,2.391989402954436,1.9923712990834614,2.0330772533779724,0.84,1.4000000000000001,0.5,1.0552763819095476,0.4522613065326633,0.5527638190954773,"[-0.6696300604599723, -0.7426419351129517, -0.008862185964161592]","[-0.741707489642676, 0.6693073300280264, -0.043562573141553596]","[-0.03828291964222773, 0.022597658782345632, 0.9990113932689771]",0.22626391574520305,-0.00021965693885225604,0.026493865097415237,-0.44291320110222543,220.22186125669919,0.061996218529206885,47.961480888951876,0.10050251256281406
4,722,328,504,2.3510228019468893,1.9605015660408487,2.0052395734792023,0.99,1.8,0.30000000000000004,1.2562814070351758,0.6532663316582914,0.3517587939698492,"[-0.7026656379850497, -0.7114932509536581, -0.006193144795492478]","[-0.7112006512219337, 0.7025842919138835, -0.023852598545324438]","[-0.021322169133566615, 0.012355832762785686, 0.9996963031341957]",0.26100011321943595,-0.0005712510536275646,0.0023529007448010618,-0.51428022998918,194.69111053848258,0.06763953983809118,45.35873831948062,0.3015075376884422
5,453,350,971,2.4171827778525077,1.9741327649183074,2.045885614753956,0.9299999999999999,1.3,1.3,0.05025125628140703,0.1507537688442211,0.25125628140703515,"[0.815476516369146, -0.44244717806767087, 0.37314681543649364]","[0.4676796451254285, 0.8835287574673147, 0.02554768607164675]","[-0.3409894438040495, 0.15367963218402447, 0.9274204924768419]",-0.008262124500752506,0.03898038813542407,-0.06113575291382217,-0.6330006662751329,278.7684543290125,0.07074468085106383,35.36549397304946,0.10050251256281406
6,404,332,1560,2.3867504715644015,1.9881982572839914,2.0028802979716223,0.75,1.2000000000000002,0.30000000000000004,1.1557788944723617,0.5527638190954773,0.3015075376884422,"[-0.6025521902788841, -0.7979871082698388, -0.01214220018199866]","[-0.7980704008364201, 0.6025481691436683, 0.004397632363982263]","[-0.0038070065556711483, -0.012340133579242553, 0.9999166104252553]",0.0832223209462467,0.0008009867955320671,-0.0022015504600016627,-0.4990306209726487,266.7130723048493,0.10209003215434084,52.94709567781414,0.25125628140703515
7,168,372,784,2.401828500129891,1.9937251621605492,2.0124680819035543,0.96,1.3,0.5,1.4070351758793969,0.5025125628140703,0.5527638190954773,"[-0.6799089520981433, -0.733031983899078, -0.019695873623335466]","[-0.7251860725514241, 0.6761301098229916, -0.13020458812265345]","[-0.10876110074031657, 0.0742440918304678, 0.991291499910104]",0.1902375000214858,0.007036877390551158,0.028561534436838412,-0.4609228397384104,187.49991300121488,0.06367303981757587,47.16347135084771,0.05025125628140703
8,543,366,1688,2.3882609928256366,1.992286409963028,1.9927810451771824,1.23,1.3,0.30000000000000004,1.4070351758793969,0.6030150753768844,0.3517587939698492,"[-0.7126787568179862, -0.7010805188872766, -0.023981151288380517]","[-0.6998065649793707, 0.7129196847080692, -0.04490317101854737]","[-0.048577373252816074, 0.015219368991311578, 0.9987034643052776]",0.1627003839221467,0.00906426077343625,0.016492671403263857,-0.514887781443242,303.52941628921616,0.08745541944487517,44.5467135775853,0.25125628140703515
9,1215,352,1026,2.380841693284889,2.0076103525802167,2.020995136217092,0.72,0.9,0.4,1.1055276381909547,0.4522613065326633,0.4522613065326633,"[-0.5474369464352088, -0.8359623037952445, -0.03846838066570423]","[-0.8133318264501597, 0.5206711387447114, 0.25960143559220283]","[0.19698763859933344, -0.17340297549820927, 0.9649493656806173]",0.05349887064620384,-0.03062982603304825,0.015162544084185192,-0.49842420699459744,230.55876758842825,0.08783575177523927,56.80864614459962,0.0
10,1103,332,862,2.385257801569078,1.9839540968863834,2.0022340553291467,0.8999999999999999,1.4000000000000001,0.30000000000000004,1.0552763819095476,0.5527638190954773,0.3517587939698492,"[-0.5667912663847912, -0.8238082083220557, -0.009364627655667307]","[-0.8233304709549387, 0.56679741206981, -0.029455547322771617]","[-0.029573568385347613, 0.008984963671072668, 0.9995222231050125]",0.11826453738614208,0.0022896627205858935,-0.0041158183765898585,-0.5201727365333162,292.46877725642645,0.05965012905075997,55.47322727142303,0.20100502512562812
11,1556,344,1634,2.3926076172854316,1.9917702335157923,1.9981933715329352,0.72,1.1,0.30000000000000004,0.9547738693467336,0.5025125628140703,0.3015075376884422,"[-0.6141481789776404, -0.7891133246125401, -0.011053288080554658]","[-0.7888794837231274, 0.6142390676104745, -0.01948147791486895]","[-0.022162455170397877, 0.0032448019907789366, 0.999749116949278]",0.07418801538804284,0.0008761039004663106,-0.002363054766449755,-0.4995287418277621,272.23077937498425,0.10684647302904564,52.109948497996115,0.20100502512562812
12,1187,352,660,2.37869181795391,1.9857700836247922,2.019013585361724,1.14,1.4000000000000001,0.4,0.5025125628140703,0.3517587939698492,0.40201005025125625,"[-0.6235060200692776, -0.7317035239392208, 0.27540914289887924]","[-0.5663360465597712, 0.6655579855097082, 0.4861029215004861]","[0.5389839749977896, -0.14711397275305005, 0.8293694916720757]",0.09203628015531691,-0.05089058641142891,-0.002629866241143881,-0.4644591629888728,265.547083386768,0.08091428571428572,51.42738288254522,0.05025125628140703
13,136,889,742,2.4639945857361165,2.0814687614578,2.0443159759683076,2.34,2.7,0.4,6.030150753768844,0.6030150753768844,0.6030150753768844,"[-0.7763422861594134, -0.6300724669459198, -0.017359179630926966]","[-0.6264898438362146, 0.77437064283352, -0.08865992943645083]","[-0.06930461954913918, 0.05795510257332227, 0.9959106766145568]",0.9962159965384111,0.07049795132429584,0.04592966938890612,-0.7353248865964543,28.83467959004281,0.04401908744839419,39.0731121445322,0.0
14,475,346,980,2.364770627549333,2.008533385705151,1.9680114491187557,0.9299999999999999,1.2000000000000002,1.3,0.10050251256281406,0.10050251256281406,0.1507537688442211,"[-0.5759861561946626, 0.7409164756593559, -0.34537331102535584]","[0.6796151843276902, 0.6688083093190081, 0.30136132236418595]","[-0.4542721090968917, 0.06114099674007367, 0.8887624144923616]",-0.023113970480114206,0.03920170490578343,-0.053703466460918975,-0.43550336699551506,278.7521267640926,0.07038899179677163,54.83127739504319,0.05025125628140703
15,1252,358,1108,2.3988655899546374,1.992688345491094,1.9962940748628455,0.72,1.1,0.4,1.0552763819095476,0.4522613065326633,0.5025125628140703,"[-0.5772542732680728, -0.8165377890397343, -0.006598716833693818]","[-0.8151266395584841, 0.5766983699042266, -0.054658500088288146]","[-0.04843620005576975, 0.02617306286834084, 0.9984833024664195]",0.07774947610751531,0.005672797237606595,-0.005415931944950659,-0.504940888811269,229.47931314346593,0.06576963229323744,54.74234633144051,0.05025125628140703
16,777,350,1110,2.381391366229315,1.9856714115199197,2.015424253071467,0.72,1.2000000000000002,0.30000000000000004,1.1055276381909547,0.5025125628140703,0.4522613065326633,"[-0.6366869748336031, -0.7710978774531257, -0.006144873027086636]","[-0.7710286518256794, 0.6367136180657226, -0.01051601795034986]","[-0.012021403458404547, 0.0019575384903895293, 0.9999258241999496]",0.09188842076206727,-0.00904491038964429,0.005477139886473519,-0.4939769882570957,207.56445467962283,0.06619800820152313,50.45478316762306,0.05025125628140703
17,437,368,1406,2.3878299185834497,1.9847689790328311,2.0041998504103047,1.44,1.4000000000000001,0.30000000000000004,1.2562814070351758,0.5025125628140703,0.40201005025125625,"[-0.7057468577546044, -0.7083194179684271, -0.014316944449525268]","[-0.7031950555236165, 0.7028150359815049, -0.10755342433160454]","[-0.08624434275151167, 0.06583788671566501, 0.9940962156734]",0.13814333249226646,0.0003381451351129259,-0.006176639183353327,-0.533838473073728,182.369042212853,0.04819277108433735,45.110086821501355,0.10050251256281406
18,638,352,1920,2.390441836586383,1.9951229036165312,2.012482984402309,0.8999999999999999,1.1,0.30000000000000004,1.0552763819095476,0.5025125628140703,0.3517587939698492,"[-0.6864106726587177, -0.7263327405655245, -0.03579299432543583]","[-0.7271532573626982, 0.6861581714228752, 0.02085914898633557]","[-0.009408972686980696, -0.04034493490130424, 0.9991415102280482]",0.08480074859412483,-0.0012723213136640284,0.014633754646471877,-0.5125750218544942,192.9974979566971,0.08158158158158157,46.65335020654829,0.1507537688442211
19,475,397,1142,2.3142228563512486,1.9217370570979675,1.997182878241814,2.46,2.5,0.5,2.964824120603015,0.4522613065326633,0.5025125628140703,"[-0.7595439388397706, -0.6500673669539029, -0.022481623459773573]","[-0.0008464525173301338, -0.03357501621713074, 0.9994358417648204]","[-0.6504554469676636, 0.7591344654984644, 0.02495144890497635]",0.4300718033872524,0.00487092328282974,-0.014460922569850133,-0.7022342439199818,99.81692447803769,0.03992387022529102,40.57599097502658,0.05025125628140703
20,633,338,104,2.375141031716371,1.9828249660777013,2.01514681952902,1.89,1.9000000000000001,0.30000000000000004,2.4120603015075375,0.6030150753768844,0.3015075376884422,"[-0.7068839027184552, -0.7073209946222816, -0.0034869247298316055]","[-0.7062555277266778, 0.7060735068885122, -0.051607484202100956]","[-0.03896508222803221, 0.034017839977051725, 0.9986613584845759]",0.19462772102524672,-0.004531224036263302,0.0010995433528414413,-0.5503361338327291,172.25181759672958,0.07412664616355177,45.01805665595944,0.3015075376884422
21,642,340,104,2.341126054669107,1.961534494283926,2.0148780444042473,1.7999999999999998,1.8,0.30000000000000004,2.4120603015075375,0.6532663316582914,0.3517587939698492,"[-0.697861328137941, -0.7162278459649545, -0.002690604755478914]","[-0.7149974337299061, 0.6968731887702814, -0.05609303461917829]","[-0.04205040367460276, 0.03722138414327838, 0.9984219208897918]",0.2060581162633599,-0.011263672083135008,-0.04248769509644953,-0.5480065856509158,193.81643238865271,0.07626156092811942,45.74433109178034,0.3015075376884422
22,1260,344,2064,2.4012173102916647,2.0049175719399868,2.000899561322116,0.72,1.1,0.4,1.0552763819095476,0.5527638190954773,0.40201005025125625,"[-0.6004212808668014, -0.7990813129338787, -0.031037731910343723]","[-0.7991347524837655, 0.6009949764964199, -0.01373628766365603]","[-0.029629931741070904, -0.016555770774462804, 0.999423820808311]",0.05588155638573183,0.0032455015815306327,0.02948500747234576,-0.512490387068032,174.6501434617473,0.057621055321323625,53.099924372602395,0.1507537688442211
23,1401,322,754,2.360502376813777,1.9678945162947947,1.9985680437809532,1.71,2.5,1.0,0.9547738693467336,0.25125628140703515,0.7537688442211055,"[-0.7277167451559656, -0.646536054706712, -0.22895298378463502]","[-0.4975102640674802, 0.7273646975319327, -0.47267762156864035]","[-0.47213544239668515, 0.23006896085426276, 0.850973793535574]",0.2558821536695958,0.11589410520755102,0.015822200788092763,-0.5854375458522276,102.93075712223134,0.027752383439989554,43.30467928694396,0.5025125628140703
24,390,362,2105,2.466278059048414,1.9751589977971493,1.9492332997313118,2.76,1.2000000000000002,1.9000000000000001,3.165829145728643,0.8040201005025125,0.6030150753768844,"[-0.8138457667659331, 0.005258179309128863, 0.5810571567991596]","[0.2887205261374412, 0.8714497644212127, 0.3965044336159837]","[-0.5042772309990697, 0.4904565828292713, -0.7107438460200306]",-0.0006497518770204244,-0.28944397596450594,-0.046764191301568586,-0.69447177449912,65.76877961750273,0.04908804323350597,35.52660671631164,0.20100502512562812
25,175,522,742,2.374353272717511,1.99141289336817,1.966805555600207,1.89,2.2,0.30000000000000004,1.0050251256281406,0.40201005025125625,0.3517587939698492,"[0.8241946419804268, 0.5497730237940456, 0.13584113677052043]","[0.3161324269828846, -0.6456796402990734, 0.6950957421198682]","[0.46985474429941315, -0.5299503980672251, -0.7059667802720764]",0.1249142802743841,0.14913402644150944,0.02189622755455335,-0.7200782755059327,18.91366631868638,0.03193739424703892,34.49307487596941,0.05025125628140703
26,161,895,742,2.4281910778312876,2.0588995059810475,2.0486601377453266,2.85,3.0,0.6000000000000001,1.557788944723618,0.5527638190954773,0.6030150753768844,"[-0.7652170640353162, -0.6435590391866177, -0.01657130020151152]","[-0.6059015857456331, 0.7286619664212786, -0.3192726218798016]","[-0.2175456579665481, 0.23427228127175664, 0.9475180129831986]",0.9253078092478185,0.06990746556702254,-0.011504507261413268,-0.785794942273069,43.098304234168495,0.03241676611705107,40.07369314190036,0.05025125628140703
27,1157,344,666,2.4385775242231795,2.0361944151279134,1.9740228681311232,1.14,1.6,0.4,1.658291457286432,0.1507537688442211,0.1507537688442211,"[-0.6865357139963539, -0.6524188898231579, 0.32096464853537215]","[0.5223364337789692, -0.749624372229689, -0.40648241106635036]","[-0.5057997265267999, 0.11141316242330979, -0.8554260598580405]",0.12554346928164642,-0.08235123457526093,0.07254101409943586,-0.5918889390687356,281.0873870827831,0.08213457076566125,46.643497644365326,0.0
28,466,534,1450,2.409378762879139,2.0135999833630964,1.9945928679262896,2.04,1.8,0.4,1.1557788944723617,0.5025125628140703,0.3517587939698492,"[-0.77329060418725, -0.6333909659497103, -0.028940036783160268]","[-0.6074835538577007, 0.7531898816483175, -0.25232664142934136]","[-0.18161875802938324, 0.17754122460962832, 0.967209253624043]",0.32223874540251185,0.014205174754329399,0.031437853866975785,-0.6566087190705616,63.43616486301299,0.03930989298973575,39.34969112341357,0.1507537688442211
29,1386,388,1684,2.3401917687328258,1.9578309163297136,1.9970445803730883,2.31,2.2,0.30000000000000004,2.914572864321608,0.6030150753768844,0.3015075376884422,"[-0.7478130291891878, -0.6638748485794614, -0.006771912469057446]","[-0.6402481530213937, 0.7238228584369406, -0.25722125137101565]","[-0.1756643843457905, 0.18801769870885607, 0.9663288100044622]",0.24632527870943227,0.008596385675200461,-0.03857321187482838,-0.6593533110271386,132.1671782299593,0.06748848213173951,41.59871079834493,0.3015075376884422
30,306,272,1492,2.414972928451893,2.008022181916634,1.99265927768956,2.37,2.5,0.4,5.276381909547738,0.6030150753768844,0.40201005025125625,"[-0.7482996200265474, -0.6625906037433162, -0.03195888764009007]","[-0.6630131873020129, 0.7485985922964454, 0.0036960892042855287]","[-0.021475384321375003, -0.023954946104034123, 0.9994823502320601]",0.5809615384825849,0.04145701531296773,0.04490544380629123,-0.6999785987859641,54.038344516374785,0.032513894826849084,41.55670036468185,0.20100502512562812
31,116,334,1326,2.385500371505776,1.9833868871059233,2.0090706926944386,0.87,1.4000000000000001,0.2,1.2562814070351758,0.6030150753768844,0.3517587939698492,"[-0.637973530047364, -0.7700131578985493, -0.008337363012898414]","[-0.7695707880684824, 0.6379174684484241, -0.028672383926161376]","[-0.02739666239818682, 0.011876030963997232, 0.9995540919720064]",0.0759561930941609,-0.000620333626364994,-0.011100958954429972,-0.5428963850101218,157.39851886724338,0.045155393053016454,50.35912382162696,0.25125628140703515
32,1419,326,756,2.3279998847839725,1.9486056771003069,1.9824802141888538,1.17,2.3000000000000003,0.9,1.0552763819095476,1.0050251256281406,0.3517587939698492,"[-0.7060441202797731, -0.6555726722461571, -0.26781742217860727]","[0.4787690245324087, -0.720542767425071, 0.5015957948983486]","[-0.5218064021901678, 0.22592607577580237, 0.8226028731519843]",0.24625804687950606,0.12574041785948165,-0.027138955328241766,-0.5371186673987003,134.61650776847983,0.032587026529673366,45.086041213960875,0.6532663316582914
33,522,414,102,2.3404197147491077,1.9501482770857834,2.0103617166672043,2.28,2.3000000000000003,0.30000000000000004,2.914572864321608,0.5527638190954773,0.3015075376884422,"[-0.7586720675891051, -0.6514643719351519, 0.003296355443587776]","[-0.6476511380114912, 0.7547592548361277, 0.10433825123910222]","[0.07046060809057117, -0.07702362844187122, 0.9945364062562797]",0.2790339531046872,-0.011300122155885295,-0.0422484758681375,-0.6722266782191206,141.29374685945484,0.05650245155265001,40.65273025440421,0.25125628140703515
34,1246,396,1036,2.352798117864158,1.9508788317724215,2.020984597052703,1.95,2.2,0.5,3.266331658291457,0.6532663316582914,0.5025125628140703,"[-0.7572646296791978, -0.6528577386222639, -0.01808462766691193]","[-0.03268332612218936, 0.010225668476894115, 0.9994134459260549]","[-0.6522898748489183, 0.7574115188094411, -0.029081099435164005]",0.29550736903569097,-0.011168419373293216,-0.04053473685682867,-0.6612503731098704,140.6410133396327,0.03169435534064251,40.77635650414005,0.1507537688442211
35,199,904,744,2.3342369565059795,2.0093776868111557,1.9906689651311624,4.109999999999999,3.2,0.6000000000000001,3.115577889447236,0.9547738693467336,0.6030150753768844,"[-0.7824576728682646, -0.62262569488736, -0.009860742143061927]","[0.2866437337972845, -0.37419455917691347, 0.8819375271282807]","[-0.5528068017348657, 0.6872522651460866, 0.4712631579141756]",1.1269554148829728,0.07742963352915432,-0.007777788958991371,-0.8407734737494215,44.22610529558986,0.02722501874263682,38.51384832903265,0.3517587939698492
36,386,357,1254,2.5143659699775713,2.085314310061693,2.0135666337360556,1.3499999999999999,1.4000000000000001,0.4,1.1055276381909547,0.6030150753768844,0.7035175879396984,"[-0.7123056027360046, -0.701752877687706, -0.012791675727630252]","[-0.7000347858441429, 0.7116425565651298, -0.05929730426917813]","[-0.050715154727582146, 0.033283184079497805, 0.9981584056343401]",0.3416291840032844,0.02001779899819597,0.15800536749579336,-0.607219105650755,316.56029818290716,0.06501732998685311,44.57718352611962,0.10050251256281406
37,607,331,104,2.471551787110014,2.0580149806990007,2.015181975322017,1.8599999999999999,1.9000000000000001,0.30000000000000004,2.4120603015075375,0.6532663316582914,0.3517587939698492,"[-0.7329667237694913, -0.6802424962242165, -0.0054706651574666495]","[-0.6791945109770176, 0.7322410558613086, -0.05017820612383441]","[-0.03813919382089743, 0.033063309600872566, 0.9987252972929689]",0.29647452727840373,0.014374564501244635,0.10432284358490229,-0.6603622364947954,194.0978533177316,0.07093268940537277,42.864314999113816,0.3015075376884422
38,226,372,1902,2.405146971451727,2.0098103080712324,2.001643137514825,2.31,1.9000000000000001,0.30000000000000004,2.914572864321608,0.5025125628140703,0.3015075376884422,"[-0.7408934209518295, -0.671098917752258, -0.02651756742319164]","[-0.6698230996300867, 0.7412204732510544, -0.043922946570403916]","[-0.049132005782773165, 0.014780142936778984, 0.9986829293537214]",0.15867876214578203,0.00696711551552169,0.004885850876672954,-0.6207994902514025,143.29141029695444,0.050568726874057834,42.19242296622813,0.20100502512562812
39,590,454,866,2.3351268428013636,1.958570901139883,2.017465052646983,2.9099999999999997,2.7,0.5,2.7638190954773867,0.4522613065326633,0.5025125628140703,"[-0.772110712584688, -0.6353578676626193, -0.012861862663508167]","[-0.04660089222541989, 0.03642309879191192, 0.9982493249274897]","[-0.6337770935871381, 0.7713583718827481, -0.057730908278283914]",0.42840657320791037,-0.0265337726326608,-0.0031817961430744817,-0.6889265258455564,48.01849648707619,0.012595724549835902,39.45619080055392,0.05025125628140703
40,427,385,1142,2.4774971547948734,2.0436075295465943,1.9954159761636683,2.4299999999999997,2.4000000000000004,0.5,3.015075376884422,0.9045226130653266,0.4522613065326633,"[-0.7625883774382586, -0.6463759865999267, -0.025632997153197327]","[-0.015321189918900897, -0.021566804276679587, 0.9996500057984097]","[-0.6467025805851973, 0.7627142039455296, 0.006543345030167165]",0.4255717189635891,0.014356993442954099,0.010671416197087207,-0.6913163855718776,85.15540356021009,0.037480262611152663,40.3070820431296,0.4522613065326633
41,242,256,1490,2.466854964356739,2.0385208977489664,2.0219645400529656,3.2399999999999998,3.3000000000000003,0.4,6.4321608040201,0.7035175879396984,0.3015075376884422,"[-0.7808997963003752, -0.6241600941070358, -0.024893474292052496]","[-0.6236853204939645, 0.7812877112860351, -0.024619772415080954]","[-0.03481564502308617, 0.00369988077185128, 0.9993869029279404]",0.6282460482312494,0.05026331339702012,0.004339494778156966,-0.784621108640458,49.64261380842858,0.04781853760714384,38.65696611343482,0.40201005025125625
42,93,526,720,2.4247091510332583,1.995789530761496,2.0287783786001032,1.56,1.7000000000000002,0.30000000000000004,1.9597989949748742,0.4522613065326633,0.4522613065326633,"[-0.789477167174843, -0.6118990481214075, -0.04801413768569199]","[0.42666557358403534, -0.6033537736288305, 0.6737363818037847]","[0.4412281618706935, -0.5114135105332719, -0.737410286350986]",0.17682357569173843,0.0764617894097889,0.034122942222491105,-0.6607465681063847,32.62743505259142,0.025330363771343727,37.863321231471964,0.0
43,453,360,2091,2.299526699572631,2.0120575727470134,2.085376638106677,2.85,1.1,2.0,3.115577889447236,0.9045226130653266,0.4522613065326633,"[-0.7903945235915901, 0.0730652711693992, 0.6082252569775156]","[-0.32662325443594037, -0.8902279571027113, -0.31750816376025415]","[0.5182603078937247, -0.44961722669585913, 0.7274961186977059]",-0.008108186156626927,-0.3728970675515597,0.040104781260000895,-0.6942732698804752,31.057433165874677,0.054640342052313884,37.77760436827566,0.4522613065326633
44,1279,401,906,2.3216787144665463,1.9380758332328167,2.0039657884992734,2.55,2.6,0.6000000000000001,3.8190954773869343,0.6532663316582914,0.5025125628140703,"[-0.7648153228135842, -0.6435251577789104, -0.030543301969195486]","[-0.09141742312409927, 0.0614739750737239, 0.9939133790919532]","[-0.6377306459147959, 0.7629523718386775, -0.10584564973032179]",0.3890473571723401,0.010312316247306493,-0.0226333749395237,-0.6904851405432058,93.52007066340484,0.019356584768897674,40.10943488679261,0.1507537688442211
45,1344,338,2112,2.396031487737493,1.9942679230464746,2.0023245372928837,0.72,1.1,0.5,1.0050251256281406,0.5025125628140703,0.4522613065326633,"[-0.5870262946849433, -0.8089218284051495, -0.03233581417153993]","[-0.7945417583833884, 0.5680111480007536, 0.2146316144744274]","[0.15525309508508758, -0.1516865560177843, 0.9761596514863564]",0.05930753622849082,-0.0057602708239721115,0.0011138215204620665,-0.5381133903983542,121.3630878722886,0.01490913368229136,54.053732202275626,0.05025125628140703
46,295,334,204,2.3632599878454785,1.9727124726190013,1.9976584336807346,1.53,1.9000000000000001,0.30000000000000004,2.1608040201005023,0.6532663316582914,0.3015075376884422,"[-0.7124635140827609, -0.7016127756917956, -0.01162987905775911]","[-0.7016526278620139, 0.7125186370961313, -0.0008840842734971619]","[-0.008906790396901162, -0.007530257414352983, 0.9999319798406788]",0.14580234899615557,0.0036568302630116704,-0.014311720887259877,-0.5694523992260248,99.15080843815988,0.022671723556679308,44.56429126115241,0.3517587939698492
47,1346,379,1682,2.467516711158393,2.043076394913445,2.019463846537246,2.28,2.3000000000000003,0.30000000000000004,2.8643216080402008,0.6030150753768844,0.40201005025125625,"[-0.7476682029185538, -0.6640278705967427, -0.007697104344833361]","[-0.6377481986499731, 0.7212129961160593, -0.2704238328106663]","[-0.18512021354583152, 0.19727848667315992, 0.9627106030540504]",0.25720221157560985,0.03275017779495853,0.03493226102704863,-0.6462616142694131,103.4385277177108,0.0678305487766723,41.6112078576023,0.20100502512562812
48,106,881,742,2.414423778607565,2.060372017044686,2.034776221238927,3.5999999999999996,2.3000000000000003,0.4,5.276381909547738,0.6532663316582914,0.4522613065326633,"[-0.7756296883928567, -0.6309104510360863, -0.01872402886779276]","[-0.6308868163848748, 0.7740014467677518, 0.05388492658605272]","[0.019504137903460173, -0.053607491779312316, 0.9983715868501937]",1.0314484808774362,0.048354816535257354,0.059501233426690836,-0.8690040512699109,39.599629951947094,0.06300144679731685,39.13784277798338,0.20100502512562812
49,214,250,1490,2.453942122218081,2.0214347359829943,2.0128967004000646,3.33,2.7,0.30000000000000004,5.6783919597989945,0.7035175879396984,0.3517587939698492,"[-0.7643632219510299, -0.6443896336028773, -0.022602323636964475]","[-0.6431604312436423, 0.7644552081739294, -0.044191564559837006]","[-0.045755050116161475, 0.019241486452555516, 0.9987673605940293]",0.4634430829873473,0.03295829142700238,0.012258286259382883,-0.6986172399469601,33.57134301907827,0.034983866663431916,40.149625355623,0.3517587939698492
50,244,915,742,2.241090624512584,1.9370038580024316,2.04883486846935,3.1799999999999997,2.6,0.9,5.979899497487437,1.1055276381909547,0.5527638190954773,"[-0.775146360689894, -0.6317762016149269, 0.00263639568886414]","[0.16006797086147243, -0.1923522769042519, 0.9681832710153802]","[-0.6111680327156389, 0.7509057415167133, 0.2502283020438155]",0.7838281804576053,-0.013229022600711581,-0.053031244732874266,-0.723303438853867,23.567375057528107,0.03548788606825484,39.18169597726484,0.5527638190954773
51,484,404,102,2.4455057574424015,2.0320638871298438,2.0108366954999095,2.28,2.2,0.30000000000000004,2.914572864321608,0.5527638190954773,0.3517587939698492,"[-0.7561670706051711, -0.6543748076455886, 0.00222989936833642]","[-0.6474313761967687, 0.7486300853940606, 0.14277817886091504]","[0.09509981308263664, -0.10652045043877695, 0.9897522009018053]",0.2544426947861781,0.004556807437165241,0.03012719422402949,-0.6557091100981003,126.4913354350912,0.05530164533820841,40.87254942797212,0.20100502512562812
52,199,366,1902,2.4707523441781962,2.051004239516313,2.001363066569089,2.28,2.0,0.30000000000000004,2.8140703517587937,0.5527638190954773,0.3517587939698492,"[-0.7493224689926199, -0.6613450243864286, -0.03374309087974149]","[-0.660495382615021, 0.7500761522977523, -0.03363949016313532]","[-0.04755719721599562, 0.002919670103465208, 0.9988642492948907]",0.24168133333640449,0.0058600511420284175,0.054450838840077044,-0.6541923813860522,126.52262088604806,0.05484270497894476,41.468277895701604,0.20100502512562812
53,224,414,632,2.3540116820597947,1.9666794227539883,1.9975990204011176,3.54,2.8000000000000003,0.5,2.6130653266331656,0.6532663316582914,0.5025125628140703,"[-0.77220721639822, -0.6351596147933006, -0.01637921482058188]","[0.018805955022455603, -0.048616190890533095, 0.9986404768679209]","[-0.6350923956387812, 0.7708493560475496, 0.04948655658734611]",0.42039066709011147,0.016448107041530127,0.028407814097835563,-0.6812418423258388,48.77479022330328,0.012700138367266259,39.44748918685039,0.1507537688442211
54,639,302,790,2.4125093984919372,2.007695360710659,2.010422158696581,2.4899999999999998,2.3000000000000003,0.30000000000000004,2.964824120603015,0.7035175879396984,0.3517587939698492,"[-0.7428239280775721, -0.669300545300577, -0.01579214791459177]","[-0.6688170007714748, 0.7429291569499288, -0.02720454433945293]","[-0.02994046349766581, 0.009646129483816143, 0.9995051379715496]",0.2931279344218746,0.01111923892016556,0.029943362586529125,-0.6627818674406227,87.60186981668964,0.010771429567399867,42.02747023287246,0.3517587939698492
55,161,304,1024,2.3679773238866537,1.9659151525317016,2.0030391567396695,1.77,2.7,0.30000000000000004,4.321608040201005,0.7537688442211055,0.3517587939698492,"[-0.7208831072156305, -0.6925186427308648, -0.027303391755195503]","[-0.6917898198333783, 0.7213876957267988, -0.03204118644620819]","[-0.04188544981302128, 0.004209741581051078, 0.9991135506886998]",0.2528287828564921,0.00934307163670841,-0.0022003721765238003,-0.6154675681572757,56.57053269366821,0.006543373991772504,43.87256038652325,0.40201005025125625
56,906,350,86,2.3914467153359587,1.991563947653809,2.005683960170449,0.75,1.2000000000000002,0.30000000000000004,1.0050251256281406,0.5527638190954773,0.3517587939698492,"[-0.6586712051237897, -0.7523728966594738, 0.009341729658222421]","[-0.7517989906321598, 0.657558607207353, -0.04914219950299282]","[-0.030830524245316106, 0.03939165469688007, 0.9987481045363744]",0.043947590857138764,-0.002599954300177007,-0.008278049659595381,-0.5544384260979536,127.9627562913753,0.005575140504803631,48.80139008815828,0.20100502512562812
57,1445,390,1856,2.4274734376493914,2.0254671293003543,2.0015537722687538,2.76,2.4000000000000004,0.30000000000000004,2.964824120603015,0.5527638190954773,0.3517587939698492,"[-0.7684744505829854, -0.6396254173849526, -0.018065000312865447]","[-0.5976875895119182, 0.7275980813826061, -0.33670547561895015]","[-0.2285094399463871, 0.24795232889302687, 0.9414367097430995]",0.2287100542443368,0.012620386066571327,-0.009630071806656613,-0.6650396639157572,70.03544477157205,0.0077546509486093205,39.78290719592772,0.20100502512562812
58,1579,297,1256,2.2999291079951996,1.9499938342943723,1.9981058374921252,2.88,2.5,0.4,5.7286432160804015,0.7035175879396984,0.40201005025125625,"[-0.7135207715755835, -0.7002996674136142, -0.021644499314268824]","[-0.6998678450044347, 0.7138446579744363, -0.024714445375286106]","[-0.03275832808664695, 0.002485981041959469, 0.9994602102331168]",0.30611295762833807,0.009286135204885792,-0.023030169402215955,-0.6196196090348458,33.685626701226376,0.023659826274701878,44.477898173797314,0.3015075376884422
59,116,532,720,2.3916792304818606,1.9675062121482476,2.0276063668787176,1.56,1.8,0.30000000000000004,1.809045226130653,0.40201005025125625,0.3517587939698492,"[-0.8308342125083199, -0.5396953784134457, -0.1358065162090784]","[0.3315424671956067, -0.6759968209166308, 0.6581093302457112]","[-0.4469833372414785, 0.5017541196938755, 0.7405732236576573]",0.13557383221978891,0.0708701166843083,-0.013730661902785143,-0.7292612184640679,32.926389308614375,0.025628699335997356,33.81547260544672,0.05025125628140703
60,1329,452,1076,2.3679224199397817,1.9710949505351618,2.0101205588286213,2.76,2.3000000000000003,0.4,2.7638190954773867,0.4522613065326633,0.5025125628140703,"[-0.771089533065094, -0.6362858643429135, -0.023690310990921483]","[0.06787302495994378, -0.119133168456765, 0.9905556726687496]","[-0.6330988741738861, 0.7621991780439303, 0.13504898559009806]",0.2857407157800688,0.00166502443003925,-0.0011166335518379455,-0.6638844206501737,57.979646402475545,0.0043009087517509835,39.54817096828338,0.05025125628140703
61,670,310,790,2.345654678605512,1.96189364280687,2.0106834013005392,2.67,2.4000000000000004,0.30000000000000004,3.316582914572864,0.7035175879396984,0.3015075376884422,"[-0.7172968090257746, -0.6966374520949262, -0.01347397863033112]","[-0.695982270591577, 0.717272171376313, -0.03360522565467718]","[-0.033075168686405, 0.014727270887650794, 0.9993443554193757]",0.23976177791421213,-0.0040902178715882176,-0.02770303610623623,-0.6419309334782262,89.91923326468383,0.011266845574937285,44.16825139985024,0.40201005025125625
62,936,438,1196,2.3460212915784777,1.956908877027524,2.004004642946021,3.57,2.7,0.30000000000000004,2.914572864321608,0.4522613065326633,0.5025125628140703,"[-0.7728801206629982, -0.6341456114843744, -0.022708203783171878]","[0.25135701980998837, -0.3388139331451913, 0.9066558152347157]","[-0.5826456621963219, 0.6950283894502403, 0.4212595045598556]",0.3052455637684633,0.005978001758426166,0.014511417192647607,-0.6729709868398741,57.06035883778819,0.006356241780721836,39.38676963787338,0.05025125628140703
63,908,402,1290,2.339333181375645,1.9594935927535424,2.0019475227708536,2.85,2.4000000000000004,0.5,3.6683417085427132,0.5527638190954773,0.5025125628140703,"[-0.7673474089569898, -0.640855141478712, -0.02196910574634407]","[0.08063902117215459, -0.13043105516401277, 0.9881726003655431]","[-0.6361409452561522, 0.7565001173093777, 0.1517638635496174]",0.32318507440023403,-0.0033455581186997807,-0.006065909538894915,-0.7092509777333986,67.3868370971568,0.007607031176438522,39.883717599124864,0.05025125628140703
64,137,440,1732,2.363801868193807,1.9948669109225836,2.005004922131492,1.92,1.8,0.30000000000000004,2.1608040201005023,0.4522613065326633,0.40201005025125625,"[-0.7275683878588225, -0.6821718148393079, -0.07270389279370496]","[-0.5731368926624786, 0.5461681952214189, 0.6109127636559709]","[0.3770389147789815, -0.4861500977758025, 0.7883525475159353]",0.15419666754678993,-0.02629341690637808,-0.00020514870377252915,-0.5983852715361584,61.81371336198016,0.00575149554612993,43.31707110374272,0.05025125628140703
65,1130,486,1320,2.4002158253810078,1.9963716605926571,1.99284462121103,1.68,1.8,0.4,2.0100502512562812,0.5527638190954773,0.3517587939698492,"[-0.7727514294594308, -0.6343479162163206, -0.021399753746669366]","[-0.5761629663006337, 0.7152171870468238, -0.39560158191858086]","[-0.26625451082011936, 0.29337194232721137, 0.9181728807382072]",0.21629704831596283,-0.0009883033853811838,0.0064630669344324385,-0.6541893476377694,64.3922162899139,0.008371475559254195,39.39838815250754,0.20100502512562812
66,1536,288,1256,2.4104373070307554,2.0021102591063835,1.9958020251317898,3.54,2.8000000000000003,0.30000000000000004,4.221105527638191,0.7035175879396984,0.3015075376884422,"[-0.7413703683604841, -0.6708088934114035, -0.019631745648524043]","[-0.670131434670924, 0.741555798995032, -0.031919543272569434]","[-0.0359699483309282, 0.01050835367734311, 0.9992976219925986]",0.3912208524653297,0.01137296267545067,0.016793434450487345,-0.7221245975643122,100.77928834633116,0.02552056640662073,42.15171887525046,0.40201005025125625
67,928,436,1196,2.3576341715383613,1.9649339870604703,2.003803664796495,3.69,2.9000000000000004,0.30000000000000004,2.8643216080402008,0.40201005025125625,0.5527638190954773,"[-0.7716799002106807, -0.6356311109738867, -0.02198231955315098]","[0.14454428087840704, -0.20893089511895407, 0.967189139687857]","[-0.6193682930827008, 0.7431830002273299, 0.2531046141359861]",0.3327357106513082,0.008076779125235259,0.020602561590758295,-0.6922255142683746,73.50743503107839,0.0063136505479087545,39.49501698439703,0.1507537688442211
68,866,404,108,2.3499162547458043,1.9563893041602012,1.9976175445274749,2.13,1.9000000000000001,0.30000000000000004,2.7638190954773867,0.5527638190954773,0.3015075376884422,"[-0.7375756749534742, -0.6752521269441472, -0.004085189632336028]","[-0.6752644656994712, 0.7375635758875017, 0.004227633812040138]","[-0.00015836834988321264, -0.005876783256732043, 0.9999827190196935]",0.18215926557646409,0.005482050937632237,-0.04937025828568498,-0.6245971778720336,104.34889929273012,0.023155048701861417,42.47469229472792,0.25125628140703515
69,592,490,950,2.352933767218706,1.9849300132394807,2.03269874183705,3.84,3.1,0.4,6.984924623115577,0.5025125628140703,0.4522613065326633,"[-0.7705775611935847, -0.6371804416051645, -0.014536403296369915]","[-0.5303616066785922, 0.6284136349251931, 0.5690455777891684]","[0.353449838514958, -0.44620330374836203, 0.822177488975341]",0.2696770742256067,-0.06699066066870374,0.02293624607335337,-0.668702582625468,40.508914386074714,0.007397340493119203,39.59421829312855,0.05025125628140703
70,626,498,950,2.328635247537463,1.963050554854053,2.028053967377351,2.67,1.8,0.30000000000000004,2.6130653266331656,0.40201005025125625,0.40201005025125625,"[-0.7156219745674444, -0.6961521546967406, -0.057073347784031905]","[-0.6075059889611734, 0.5800031277372182, 0.5427088033110858]","[0.34470518257272953, -0.4230467460294772, 0.8379795867330972]",0.1992848671409341,-0.06376259379105281,-0.033629595332736975,-0.6206006143086955,55.08268908444186,0.007530320053006079,44.305804554297445,0.0
71,573,294,1566,2.431229850740144,2.014679607579582,2.0088857675584477,2.6399999999999997,2.5,0.30000000000000004,3.316582914572864,0.6532663316582914,0.3517587939698492,"[-0.7455510617219941, -0.6662495316609991, -0.01628422324542699]","[-0.6663033757302388, 0.7456760646551203, -0.0026491679714959995]","[-0.013907762425915954, -0.008875142925744092, 0.9998638937287173]",0.30116566571848774,0.0184882031245094,0.024043468899412983,-0.6755968345463348,89.30430904524506,0.0069493351887520895,41.79354718768204,0.3015075376884422
72,1507,280,1256,2.47116699712442,2.0519697852955137,1.993611831863984,3.4499999999999997,2.8000000000000003,0.30000000000000004,6.281407035175879,0.7537688442211055,0.3015075376884422,"[-0.764371822336147, -0.6445346709618809, -0.017628815801910495]","[-0.6439481206288902, 0.7644901646782364, -0.029759133871191612]","[-0.032657849853263886, 0.011395000583714926, 0.9994016303792278]",0.4199600569231905,0.00460195619050817,0.01958497315880804,-0.6901526897264283,37.50088480146486,0.023549667328119528,40.148861117973766,0.4522613065326633
73,1199,286,1396,2.374371321882588,1.996384015532378,1.9950830028325681,3.7199999999999998,2.6,0.30000000000000004,4.1708542713567835,0.7537688442211055,0.3517587939698492,"[-0.7421465797644188, -0.6698707348729347, -0.022173242991720573]","[-0.6671858931847131, 0.7415164544688371, -0.07082606643942208]","[-0.06388613370123157, 0.0377696480359518, 0.997242205087585]",0.31156740059784566,0.05683703940936988,0.017677717995292518,-0.6859762485722083,60.50339721155515,0.008330085959885387,42.085406320640466,0.40201005025125625
74,1479,333,626,2.4845460065093823,2.057447130371005,2.0182340932705825,0.69,1.2000000000000002,0.30000000000000004,0.9045226130653266,1.3567839195979898,0.5025125628140703,"[-0.7203590189143333, -0.6931741152656715, -0.024341934894997867]","[-0.6932654577651994, 0.7206587256671794, -0.005831482604417704]","[-0.021584460576707012, -0.012674661550137039, 0.9996866829243062]",0.3876744702471203,0.016591980881501114,0.18613153735569218,-0.6706003703479424,451.4321683059179,0.09108640530524674,43.91587033768353,0.8542713567839195
75,922,484,1014,2.343028416862039,1.9593518431508656,2.0034646990447005,2.61,2.2,0.30000000000000004,3.065326633165829,0.5025125628140703,0.3517587939698492,"[-0.765269453240487, -0.6435873543279595, -0.012569060670697655]","[-0.6417052701317483, 0.7642804668564626, -0.06395087385491698]","[-0.050764261268595116, 0.040874017796211304, 0.9978738920560296]",0.220666255639475,-0.0035494343350433027,-0.02079356710408785,-0.6752472660035718,64.83818542479125,0.004347287914989704,40.069030273854814,0.1507537688442211
