bead_index,peak_z,peak_y,peak_x,centroid_z_um,centroid_y_um,centroid_x_um,fwhm_z_um,fwhm_y_um,fwhm_x_um,fwhm_pca1_um,fwhm_pca2_um,fwhm_pca3_um,pca_axis1,pca_axis2,pca_axis3,tilt_angle_y_deg,tilt_angle_x_deg,skew_pc1,kurt_pc1,snr,vol_ratio_05_01,pc1_z_angle_deg,astig_um
0,637,1451,1275,8.389173967335488,1.9692070236577384,2.0756092885778648,4.2,2.9000000000000004,0.4,0.8542713567839195,0.6030150753768844,0.40201005025125625,"[-0.9764824339663335, -0.118675915889671, -0.17999467531827792]","[0.06651573285311942, -0.9599712899884192, 0.27208597847184773]","[-0.20507977335221791, 0.25371470076784663, 0.9452889173031094]",0.3659262177833966,1.8367541983545486,0.039643623993521754,-0.5677972082790301,80.09304136659655,0.08763144717075613,12.450552934325238,0.20100502512562812
1,648,1459,1275,8.25557599199328,1.9043529884684345,2.073266568702878,4.6000000000000005,2.2,0.4,1.3065326633165828,0.6030150753768844,0.40201005025125625,"[-0.9732241247548479, -0.16844713546889778, -0.1563980995648066]","[0.12284470002636884, -0.9562540742943932, 0.26549449160162397]","[-0.19427810651381136, 0.23917296659049092, 0.951342372325396]",0.47226657356756574,1.6345405774761037,-0.05529944675137041,-0.5812170811874386,108.43804583111157,0.09738452977184196,13.288724929540408,0.20100502512562812
2,682,1365,1482,8.184942650290342,2.082575384213468,2.0089287361059127,3.6,3.0,0.30000000000000004,4.57286432160804,0.5025125628140703,0.3517587939698492,"[-0.8100760658666588, -0.5854530659750408, -0.031960523312691766]","[-0.5850308311984479, 0.8107060159475885, -0.022241453496584768]","[-0.03893191566374921, -0.0006806223714918083, 0.9992416337883135]",0.9452572415542295,0.025364559016613268,0.1206216212292792,-0.718998796637369,950.2164511280722,0.09437386569872959,35.89663607724015,0.1507537688442211
3,592,1370,253,8.241664287499496,2.1178664105484493,2.0204451940760104,3.7,2.7,0.30000000000000004,2.8140703517587937,0.5527638190954773,0.3517587939698492,"[-0.831638916659927, -0.5547113726325221, -0.025923066347289952]","[-0.5340802127203397, 0.8117493746704496, -0.2362652727396292]","[-0.15210206664375012, 0.1826423986764233, 0.9713427384442749]",0.8353987726806226,0.07234094941356971,0.1666057721600583,-0.7890045716144138,756.7517983810527,0.08198797087685977,33.73253571236089,0.20100502512562812
4,458,1351,1435,8.264334899778111,2.135770011445318,2.002200532794609,3.6,2.6,0.4,2.8643216080402008,0.6030150753768844,0.3517587939698492,"[-0.8462605001059429, -0.5319317835584452, -0.029862076297056322]","[-0.5326814221180262, 0.8458089026345242, 0.02928826991304124]","[-0.009678248331016468, -0.040692479213161076, 0.9991248438732416]",0.891254765093647,0.03478904230989136,0.18587869817058852,-0.779896073942342,760.6041018950534,0.08683068017366136,32.192759407577654,0.25125628140703515
5,793,1391,1119,5.138669064322611,1.7901639237722187,2.00135524040588,3.2,2.4000000000000004,0.5,6.130653266331658,8.241206030150753,0.7537688442211055,"[-0.8068756068661351, -0.5905331056162155, -0.014913289901087841]","[0.2708440609680956, -0.39226816081573807, 0.8790729120206975]","[-0.5249716655998842, 0.7052633133670758, 0.4764539947736585]",-2.316407137219408,0.07702127587327777,0.32231425407932635,-0.7886420990733565,41.30114923335424,0.06492614221916868,36.20821661519137,7.487437185929648
6,662,1468,1275,8.102892321825658,1.8572481664636022,2.0796683368366535,5.0,1.4000000000000001,0.4,1.809045226130653,0.6030150753768844,0.5527638190954773,"[-0.966305024094048, -0.21811223631033244, -0.13668084277727818]","[-0.17680709931833713, 0.9483535181710538, -0.26337208318882227]","[-0.18706643216044153, 0.23033162384763817, 0.9549625610538213]",0.6655055180665247,1.449208652929751,-0.11476453404887255,-0.7098876422857554,149.7153370936266,0.093711467324291,14.915824713669187,0.05025125628140703
7,700,1378,1483,8.018958185688417,1.996232831934811,1.9925518254654013,4.6000000000000005,3.1,0.4,4.773869346733668,0.5527638190954773,0.4522613065326633,"[-0.8178278102341227, -0.5747589640025575, -0.028457092373719666]","[-0.5147781211373961, 0.7085862265355123, 0.4826065121425687]","[0.2572181152366841, -0.40933811557546135, 0.8753748616057111]",1.2139720688992652,0.021573731864700692,0.0008775884293502022,-0.7555017647575872,924.5324272368064,0.07994955863808323,35.132063332129135,0.10050251256281406
8,502,1345,607,8.207112654950974,2.1137125010387967,2.001160954363234,3.5,2.8000000000000003,0.4,1.809045226130653,0.5527638190954773,0.3517587939698492,"[-0.8151207429381166, -0.5788409823150316, -0.02283181167982129]","[-0.5391936743643546, 0.772518665972742, -0.33538797272585946]","[-0.21177430428991978, 0.26107092506877344, 0.9418033850683781]",0.6538755748377316,0.029171579677592745,0.1606887864171542,-0.7512224982892151,587.964888094221,0.06504854368932039,35.40069757431066,0.20100502512562812
9,678,1420,1292,7.230074025251979,2.1353419250571757,1.8149463120602176,10.600000000000001,1.9000000000000001,0.4,0.7537688442211055,0.7537688442211055,0.6030150753768844,"[-0.9762240844988617, 0.045161140676326594, -0.21200709473310597]","[0.09411766020107978, 0.9693618915291575, -0.22689069899246359]","[0.1952649555927361, -0.24144977660753286, -0.9505648859986043]",-0.7579045284659813,2.65253557461974,-0.08504551574954822,-0.9898492627692073,26.56574042981145,0.07098420800765673,12.519025070658298,0.1507537688442211
10,329,1348,1207,8.204545116047415,2.102220736241023,2.0103373309467267,3.0,2.7,0.30000000000000004,3.266331658291457,0.5527638190954773,0.40201005025125625,"[-0.8350809943093868, -0.5496045309837841, -0.02397065842525932]","[-0.5487346077149106, 0.8352744317371218, -0.034741243244753944]","[-0.039116022793849674, 0.015858222104720564, 0.9991088296839683]",0.6691241544564657,0.035170090466930023,0.14552868832021573,-0.8549935539076472,630.9405253399083,0.08290653008962869,33.37572718392501,0.1507537688442211
11,501,1402,496,7.976596670645313,1.9734426791720883,2.002408729339212,5.5,2.4000000000000004,0.4,4.623115577889447,0.5527638190954773,0.3517587939698492,"[-0.8332948113584655, -0.5526363513440508, -0.014588369895043746]","[-0.5027642111220699, 0.7685403612554594, -0.3956941510006579]","[-0.2298867229264506, 0.3223953726319027, 0.9182664745746054]",1.1428724507262005,0.045467446198863504,-0.022956762684947535,-0.8429539745774597,525.1179656738587,0.11444921316165951,33.561302430595504,0.20100502512562812
12,52,1297,626,6.117508885084236,1.94967971020697,1.965227355698424,0.5,1.6,1.2000000000000002,2.0603015075376883,3.266331658291457,0.5527638190954773,"[0.4264099642207283, 0.9038846724249044, -0.03416198718752164]","[-0.005110538866932933, -0.03535959178419918, -0.9993615870451219]","[0.9045155746618, -0.426312324738774, 0.010458344517907508]",0.5761434706628148,0.10831192281284967,0.26189545995362995,-0.24872492087307974,333.9348537513314,0.08592616475898758,64.76005776784275,2.7135678391959797
13,686,1421,1141,8.016346319510566,1.9946660002937813,1.9878494154367132,4.6000000000000005,1.6,0.4,4.0703517587939695,0.6030150753768844,0.3517587939698492,"[-0.819018193586675, -0.5731268873888037, -0.02710663251017238]","[-0.5675743248522562, 0.8161957230845243, -0.10809221705116413]","[-0.08407487343151528, 0.07314446370404395, 0.9937712528982322]",0.9188188477454599,0.039560975468905996,0.002920592909082609,-0.856989116482584,541.1446022330331,0.11394163964798518,35.01336840633795,0.25125628140703515
14,794,1373,1085,5.107111309973337,1.9842793695318244,1.8256634987849925,2.6,1.5,2.3000000000000003,3.618090452261306,9.748743718592964,7.487437185929648,"[-0.6154466189135214, 0.5349882453952717, -0.5788031068997503]","[0.7032974876645837, 0.7042647460343351, -0.09687007452190133]","[-0.35580627188485536, 0.4666891307734547, 0.8096932456833993]",-0.019943570316584985,-1.530337389826002,0.2853441660762464,-0.8137767742878856,23.217096555706508,0.06468452110758058,52.0156204148206,2.2613065326633164
15,523,1402,1202,7.982250814578688,1.9910761236359358,1.9879640002499859,4.0,3.0,0.30000000000000004,5.226130653266331,0.5527638190954773,0.40201005025125625,"[-0.8245347519527895, -0.5652229896951056, -0.02579563417088985]","[-0.5619218559866037, 0.8233517766742912, -0.07959698242935043]","[-0.06622892560446847, 0.051135347533917117, 0.9964933043657962]",0.9290620382711995,0.043698538868561676,-0.014520887831659597,-0.8637665296215378,545.7889489850846,0.11058344640434192,34.4586493717817,0.1507537688442211
16,70,1383,335,7.174559975898868,2.0949689975839956,2.0543144018606747,3.0,2.7,0.4,0.8542713567839195,0.7035175879396984,0.3517587939698492,"[-0.9854615855036833, -0.10139221638860652, 0.1363271137828884]","[-0.06798070659211271, 0.9706872068591185, 0.2305319283120671]","[-0.1557051284569771, 0.21791274606100652, -0.9634676684125667]",0.12493144338102993,-0.9677268128968394,-0.04020003422217214,-0.9812793174088639,98.42624240873126,0.0770867817450934,9.781911389127286,0.3517587939698492
17,711,1386,1484,8.005122608319356,2.012288849544824,1.9764835817642101,5.5,4.0,0.4,4.321608040201005,0.5025125628140703,0.5025125628140703,"[-0.8184774950078075, -0.573961407914703, -0.02574669668747547]","[-0.13651201945771946, 0.15074774594588758, 0.9791014174414259]","[-0.5580851715547726, 0.8048872090652243, -0.2017362683650954]",1.2264814131966812,0.006716721684561502,0.008026510919330808,-0.7579223336771848,786.8334591211224,0.052894438138479,35.06732569749109,0.0
18,795,1331,1596,4.83501807706822,1.9721306301922086,1.9923483643071884,0.8,1.2000000000000002,0.4,9.095477386934672,1.0050251256281406,10.0,"[-0.6716593374369373, -0.7404425297886302, -0.024871560344862778]","[-0.7394757514627165, 0.672077722540258, -0.03856355616059254]","[-0.045269718713793004, 0.007509656803968, 0.9989465739579172]",-0.5663076921610137,-0.0886286214382471,0.22557953472534037,-0.9070905049132127,25.046135966420596,0.1284722222222222,47.8047372046999,8.99497487437186
19,490,1394,496,8.019229364291267,1.9973365848945364,1.9982055545565633,5.2,3.1,0.4,4.673366834170854,0.5527638190954773,0.3517587939698492,"[-0.8324188240183872, -0.5540067942156502, -0.012464885990005671]","[-0.5486863164223987, 0.8271574895668321, -0.1214652774430428]","[-0.07760301276796452, 0.09427067102972343, 0.9925174119343905]",1.0364605049118278,0.030705312339002314,0.0032456974027779925,-0.8238954191059782,529.1533466012219,0.11673306772908366,33.65198257694552,0.20100502512562812
20,26,1294,763,4.311202865404637,1.8953678925042095,1.9688668856424572,0.6000000000000001,2.6,1.3,0.9045226130653266,8.793969849246231,0.6030150753768844,"[-0.3189734037001732, -0.9279201726194161, 0.19292516937372114]","[0.28936585275258153, 0.09849058216679599, 0.9521381246884386]","[0.9025094852646688, -0.35953269457783416, -0.2370925358101855]",1.815421685564232,0.2606427853318785,-0.28231472301428956,-0.42507407775940864,140.97664674470158,0.062345509475418844,71.39914794398341,8.190954773869347
21,437,1417,1106,8.095461316041023,2.029837483513202,1.9975293940412653,4.5,2.0,0.4,4.623115577889447,0.5025125628140703,0.3517587939698492,"[-0.8316654491724838, -0.5549560439971549, -0.018877761619386434]","[-0.5532286688949135, 0.831035984063703, -0.0575954260686946]","[-0.04765102900770018, 0.03745640695929284, 0.9981615084805701]",1.1131718593218785,-0.013522036758128204,0.03759301957380993,-0.9019145272996023,415.9688828789997,0.1096433289299868,33.72979807598703,0.1507537688442211
22,511,1393,1201,8.00995862257423,2.005838101348907,2.003177271265913,5.0,3.5,0.4,5.427135678391959,0.5527638190954773,0.3517587939698492,"[-0.818368304678004, -0.5740745676834631, -0.026677867933834754]","[-0.568353975232516, 0.815343782826547, -0.11040051921749952]","[-0.08512976410073574, 0.07518581345667336, 0.9935290719042957]",0.9338947005318604,0.04109260555721355,0.005425428926444503,-0.8688395178373911,550.1993512380274,0.1061764098326792,35.07821321410749,0.20100502512562812
23,681,1415,1562,8.051724317420673,2.012745006977253,1.9992073384960602,5.2,4.0,0.4,3.618090452261306,0.5527638190954773,0.3517587939698492,"[-0.8453703822662106, -0.5333114884849569, -0.030459366983592237]","[-0.5316270708686645, 0.8343917170317139, 0.1454754964537768]","[0.05216871003471316, -0.13917370009749683, 0.9888928692707244]",0.9244853209172602,0.01202201044811472,0.02789784671163496,-0.8825592930590993,1589.1080722091021,0.001053740779768177,32.28835898869479,0.20100502512562812
24,86,1319,1418,8.1330250386461,2.0708529778370086,2.010481225244559,1.6,1.8,0.8,2.5628140703517586,0.8040201005025125,0.4522613065326633,"[-0.737022271303398, -0.6746773253297479, -0.040108331910932216]","[-0.057474528285149214, 0.0034360318524678524, 0.99834106010096]","[-0.6734202626897855, 0.7381048031079368, -0.04130919301819008]",0.30814934855582093,0.02873942944450785,0.12864746175327046,-0.538496116111093,392.60474858367655,0.04950620410230438,42.52162726428916,0.3517587939698492
25,346,1463,1142,8.004046781137307,2.008373179203164,1.9995083495756238,4.0,1.7000000000000002,0.5,2.8140703517587937,0.5527638190954773,0.3517587939698492,"[-0.8308699690608441, -0.55609876222256, -0.02023020433333524]","[-0.5416124576817992, 0.8165001609283474, -0.19995857793019148]","[-0.12771468277654432, 0.1551826467699258, 0.9795954807698775]",0.8253822741441267,0.027156662640989215,0.005424253170224531,-0.9148019524297046,456.3974619273815,0.08434782608695653,33.81179116037232,0.20100502512562812
26,188,1293,979,7.9520404078085365,1.9553437963479308,1.982195772259189,0.5,1.6,1.1,0.9547738693467336,1.2562814070351758,0.4522613065326633,"[-0.4592571617375421, -0.8883011740304285, 0.0019706874280982826]","[0.09499292009877575, -0.04690591793366855, 0.9943722542357605]","[-0.8832096039581346, 0.4568597805442738, 0.1059242011872319]",0.16411510623495582,0.015642061641765136,-0.06120221849087719,-0.4303601134374633,320.855756673216,0.09166400511018843,62.66081611074976,0.8040201005025125
27,63,1411,1758,6.962595902866082,2.012963783351858,1.999116843186376,5.300000000000001,0.8,0.4,5.326633165829145,0.6532663316582914,0.3517587939698492,"[-0.8210209226253565, -0.5697466071259977, -0.03624152700732024]","[-0.570895362380639, 0.8195577168895054, 0.04902686915498722]","[-0.0017691307716445291, -0.06094220504113204, 0.9981397286056887]",1.4212543220491516,0.0924155078789592,-0.0796037763489103,-0.8878992606380183,491.59857340921604,0.1317090395480226,34.81287701527794,0.3015075376884422
28,473,1383,496,8.205780279000617,2.08926883765433,1.993670894268432,3.9000000000000004,2.8000000000000003,0.4,4.522613065326633,0.6532663316582914,0.5025125628140703,"[-0.8383373026312448, -0.5449537757710528, -0.01469521316081912]","[-0.5419500895677223, 0.8301934916594064, 0.1306478733998442]","[0.05899718158104388, -0.11749105786925644, 0.9913199200491516]",0.8357592348155402,0.011300054375078724,0.1333772007371912,-0.821003533271496,531.3669603237832,0.12830854550037812,33.03504286039942,0.1507537688442211
29,479,1386,496,8.12892230533909,2.0670864378167266,1.9945979733220138,4.2,3.0,0.4,4.57286432160804,0.6030150753768844,0.40201005025125625,"[-0.8344851448052726, -0.550858040807655, -0.013782669439373476]","[-0.5502198170776726, 0.8316406074316515, 0.07504700504168321]","[0.029878018581153618, -0.07020910872718514, 0.9970847431674994]",0.8584103985455632,0.018379525615767372,0.08403650978461115,-0.8107460509933455,528.2987223783457,0.13183503243744207,33.437734044780456,0.20100502512562812
30,657,1433,495,7.975474829981948,1.997691648032917,1.99377699737336,4.0,2.1,0.4,2.7638190954773867,0.5527638190954773,0.3517587939698492,"[-0.8299833475434449, -0.5577879755058202, -0.00046602756998416576]","[-0.5475255445022127, 0.8145528454575305, 0.19162317207111298]","[0.10650549712635728, -0.15929920382148452, 0.9814684624294906]",0.7906280352540721,0.010301588143455777,-0.012286610683069656,-0.9012126126549935,416.3278566838207,0.0982389136431148,33.90297256859153,0.20100502512562812
31,608,1381,254,8.076317443752215,2.0216847333502455,1.9999988956699548,4.7,3.5,0.4,2.8140703517587937,0.5527638190954773,0.4522613065326633,"[-0.8242516342324346, -0.5657680115998955, -0.022711242050170763]","[-0.41236960175192994, 0.6272898071062578, -0.6606502928566286]","[-0.3880213331971785, 0.5351766577036919, 0.7503501782721118]",1.0918120068916606,0.09329182592640316,0.029062641167816622,-0.7778869259669379,751.1365064223431,0.06089818951328474,34.48730829202419,0.10050251256281406
32,437,1384,1664,8.097487324848636,2.038548610459265,1.9931771035366372,4.6000000000000005,3.4000000000000004,0.4,5.125628140703517,0.4522613065326633,0.3517587939698492,"[-0.8185366878177966, -0.5736680847896226, -0.030043621454100822]","[-0.5688942693911866, 0.8167637736153145, -0.09620939851978748]","[-0.07973080301952948, 0.06165927832433321, 0.9949075999540777]",0.7858569818394583,0.0354001708097882,0.05528560187365449,-0.8840943885830899,508.31001233040695,0.10844976713240187,35.06142226962235,0.10050251256281406
33,542,1366,698,8.147071732138539,2.065373285343197,1.9998208103096013,4.2,3.0,0.30000000000000004,2.8643216080402008,0.5025125628140703,0.40201005025125625,"[-0.8505976622490299, -0.5248289912472035, -0.032220287443281086]","[-0.5046623369202939, 0.8320483150012116, -0.23024232277709666]","[-0.1476466818815534, 0.17958321594761523, 0.9725997768246093]",0.6644629759846998,0.10066783267907907,0.08722918433263098,-0.9045609747525853,367.66662804700377,0.13500123854347287,31.723265962201094,0.10050251256281406
34,669,1442,495,7.94834881268175,1.9760588943652238,1.9953758662247822,4.9,2.1,0.4,3.366834170854271,0.5527638190954773,0.40201005025125625,"[-0.8220069544092637, -0.5693242553434412, -0.013208299680264652]","[-0.5541240031822621, 0.8049793697921264, -0.21202547796511553]","[-0.13134365610897147, 0.16696738150521376, 0.9771748756047818]",0.8281919199990072,0.03598342136643449,-0.036465476645960664,-0.9126039746471513,413.54759087230906,0.10160193109501865,34.71379483942294,0.1507537688442211
35,667,1403,1562,7.968595988826806,1.9867256888512388,1.9885008486196196,5.1000000000000005,3.7,0.4,5.57788944723618,0.5025125628140703,0.3517587939698492,"[-0.8219019194235381, -0.5686819168605545, -0.032834620200476436]","[-0.5161084825168742, 0.7678337296871697, -0.37955684400208056]","[-0.24105864249603914, 0.29501227260996477, 0.9245855773737067]",0.9702798836521661,0.048627970946415876,-0.031171936069357198,-0.8790462987505858,1921.2183660083729,0.0009900990099009901,34.724361123530564,0.1507537688442211
36,662,1408,1292,7.282081256910871,2.132553181202794,1.8326147596614693,10.600000000000001,1.5,0.5,0.7035175879396984,0.7035175879396984,0.6030150753768844,"[-0.9832093461192523, 0.018399025086602405, -0.1815512533132582]","[0.05797568893744151, 0.9748523372633573, -0.2151783911650952]","[0.17302659100838025, -0.22209096426471786, -0.9595506252387032]",-0.5678199745656433,2.2610709542748646,-0.06905499456364786,-1.0015522783639237,34.35538194096034,0.05343720103867705,10.51431510223868,0.10050251256281406
37,165,1462,847,8.006064373280124,2.0005518856398594,1.9997739570031525,4.5,2.2,0.4,4.773869346733668,0.5527638190954773,0.3517587939698492,"[-0.820835600939539, -0.5709597724001383, -0.015292302998842993]","[-0.570729929927199, 0.8209612522987159, -0.0170284852355912]","[-0.022276968274893814, 0.005249811892491414, 0.9997380537718733]",0.7879100632080664,0.04472408357518399,0.002087820803890007,-0.9115611432501347,371.5355384379131,0.09541284403669725,34.831471705407985,0.20100502512562812
38,474,1362,1436,8.071592049019522,2.0230568445028267,1.9839239319305415,4.9,3.5,0.4,3.6683417085427132,0.4522613065326633,0.5527638190954773,"[-0.835554267885404, -0.5484221027089557, -0.032897760999413286]","[-0.31547442048340874, 0.42989789914199816, 0.8459690811926603]","[-0.4498054639943187, 0.7172314783761127, -0.5322161694154657]",1.0406921839037822,0.04948984712206888,0.041687480736495426,-0.7605886104788682,725.3099174685793,0.06349206349206349,33.32640346377408,0.10050251256281406
39,765,1462,633,6.369481601427173,1.991352020250594,1.9758161020447067,4.6000000000000005,2.6,0.4,0.4522613065326633,0.8542713567839195,0.5527638190954773,"[-0.8219879461104255, -0.5694480884426879, 0.008043072679800239]","[-0.28562711178799255, 0.424433558930444, 0.8592283206839071]","[-0.49269967471149556, 0.7039780029394427, -0.5115290821806523]",2.0409734344537958,-0.4849844402664192,0.19106556194860466,-0.9230217385848918,205.81103941183005,0.07636224098234842,34.715707240103484,0.3015075376884422
40,76,1420,1759,7.762235719960234,2.0095379007459626,1.9879125432880091,5.0,1.3,0.5,5.07537688442211,0.4522613065326633,0.5025125628140703,"[-0.8245367655022217, -0.5644365486983411, -0.03937645017824056]","[-0.3430223283283285, 0.4433192660041566, 0.8281326648899608]","[-0.4499720042439826, 0.6963328305365483, -0.5591473728039971]",1.1256482314522591,0.06766490480870585,-0.01315706188671219,-0.8583568517333058,483.07997421023623,0.10737233682786608,34.45844547309564,0.05025125628140703
41,481,1383,364,8.1038884645832,2.058259406890275,2.009334867883207,3.6,2.9000000000000004,0.30000000000000004,4.623115577889447,0.6030150753768844,0.40201005025125625,"[-0.8376042174920122, -0.546027994700667, -0.016510719026203276]","[-0.5442853170192076, 0.836747163878558, -0.06006394441335494]","[-0.046611892440607886, 0.041323271220439786, 0.9980579736361748]",0.6069532766653211,0.04689610661277854,0.0721387457008,-0.9148884098755641,391.1056579770176,0.12804586717630195,33.11201105779448,0.20100502512562812
42,688,1421,722,7.995697505581856,2.01022317578258,1.9921432700454673,4.6000000000000005,1.0,0.30000000000000004,3.316582914572864,0.6030150753768844,0.3517587939698492,"[-0.8222366453704998, -0.5686908729356648, -0.022750605476306064]","[-0.5560056235813433, 0.8111511496982876, -0.18136030130397293]","[-0.1215921278528694, 0.1364716211628551, 0.9831535236479572]",0.7040665774353425,0.07868997512529409,0.0060548247057233264,-0.9339286362538948,367.8445715967537,0.08813403718154694,34.69067863673323,0.25125628140703515
43,171,1434,498,8.048461854415562,2.016422055197292,2.0087474637291645,5.0,3.8000000000000003,0.4,3.467336683417085,0.5527638190954773,0.3517587939698492,"[-0.8324103678404122, -0.5540762884815478, -0.009614887118534523]","[-0.5388445772304673, 0.813334322849456, -0.21939416779927548]","[-0.12938122391254772, 0.1774450501353307, 0.9755889262806141]",0.833973823327683,0.027417420443760172,0.028884943938879193,-0.942464502582185,391.8648080990285,0.06721105527638191,33.65285688963303,0.20100502512562812
44,337,1417,870,8.074970205879678,2.0176413499451047,2.0069665595959325,4.5,3.3000000000000003,0.30000000000000004,3.9698492462311554,0.5527638190954773,0.3517587939698492,"[-0.8363617024147147, -0.5479398770634343, -0.01615530431989268]","[-0.5260650808896777, 0.8105611749897638, -0.25738320121513325]","[-0.1541253820838627, 0.20676671086739618, 0.9661743599757663]",0.8228165418919179,-0.01665984216632245,0.03224215084593162,-0.9408329635847599,360.2990901038441,0.07912178956089479,33.242104672916355,0.20100502512562812
45,57,1406,1758,6.573857986154008,2.020002661999881,1.9928217355400581,5.0,3.5,0.4,6.130653266331658,0.5025125628140703,0.3517587939698492,"[-0.8171556605288675, -0.5752362896549283, -0.036875974965567576]","[-0.5078360196396932, 0.7487219897458313, -0.42604924507333186]","[-0.2726888402963039, 0.3294216039288772, 0.9039481197739078]",1.4508596848847286,0.12506758628670434,-0.11897959977095071,-0.8911256311595106,493.8991445221572,0.12876614060258249,35.19893025352217,0.1507537688442211
46,454,1396,1665,8.040692515289228,2.016824731946127,1.9851865272429077,5.300000000000001,1.1,0.4,5.07537688442211,0.4522613065326633,0.4522613065326633,"[-0.8312459871258582, -0.554701587993439, -0.03655485145250219]","[-0.38931584594170515, 0.5339461220316587, 0.7505562676215873]","[-0.3968164323536161, 0.6381282684891105, -0.659794689255103]",0.964857641336451,0.049837079915207826,0.022559549008735295,-0.8960871407087398,504.52673660819744,0.09857253086419752,33.773055450919145,0.0
47,189,1418,1518,7.793198389421597,2.0696117041446,2.01792658191553,5.5,1.5,0.4,0.9547738693467336,0.6532663316582914,0.40201005025125625,"[-0.9857243100573263, -0.11884070604993643, 0.11926638733340145]","[-0.08790722699734549, 0.9674204881245765, 0.237423500518469]","[-0.14359632308539633, 0.22354973885549212, -0.9640568501151764]",0.22014950140847114,-0.5763833565373047,-0.03002209366662919,-0.8842050972946933,68.22916016729802,0.08594858855070178,9.692910343078127,0.25125628140703515
48,555,1376,698,8.115787752614748,2.0179552698250145,2.0100411869127752,5.300000000000001,3.6,0.4,3.7688442211055273,0.5527638190954773,0.40201005025125625,"[-0.8810110262777531, -0.469386826865759, -0.0591234161894793]","[-0.4181619814825616, 0.8310569157482663, -0.36672191103008345]","[-0.22126935806748776, 0.2983628823293419, 0.9284500318426021]",0.8523717569660665,0.2879117918014821,0.038913842218120415,-0.9066987537568103,203.57792461438305,0.10311392877121014,28.235435573339768,0.1507537688442211
49,358,1472,1143,7.972563806737405,1.9795092367945122,1.9842754869387034,4.6000000000000005,1.8,0.4,3.015075376884422,0.5527638190954773,0.3517587939698492,"[-0.835332230581062, -0.5493107691152863, -0.02185734399327001]","[-0.5372479008655368, 0.8241263156649025, -0.17938926624569307]","[-0.11655366818784248, 0.13810682373643463, 0.9835353311749362]",0.8083040356298985,0.029291677343181017,-0.02674229193737966,-0.9210936839123636,449.0060783653965,0.08952468850946008,33.34955182600855,0.20100502512562812
50,618,1341,1582,8.144605865427634,2.0887132881650086,1.9895655901756983,2.9000000000000004,2.6,0.5,2.0100502512562812,0.6030150753768844,0.40201005025125625,"[-0.8298347984131862, -0.5573049098940734, -0.02802578724151189]","[-0.5343160110016558, 0.7791172919007062, 0.32784546031413847]","[0.1608745092605597, -0.2870321983145268, 0.9443155772308878]",0.5802723140217668,0.021108131683147607,0.11010959016732114,-0.9063869956310371,371.69465240905663,0.05999155048584706,33.918228454294464,0.20100502512562812
51,320,1292,1232,7.999463412283238,1.9661852969631022,1.978063869831787,0.5,1.6,1.0,1.0050251256281406,1.0552763819095476,0.4522613065326633,"[0.39517671850859587, 0.9183394369117925, 0.02209162197100162]","[0.23645446782028812, -0.07845271699304125, -0.9684701625988457]","[0.8876511960204876, -0.38794052354573805, 0.24814815009275465]",0.08401983157101162,-0.051914738191677,0.033616021649967034,-0.3886514886091721,191.8124615550787,0.075031328320802,66.72300400353633,0.6030150753768844
52,778,1471,633,5.780872882447333,1.9296707524718568,1.968160984449363,4.800000000000001,3.4000000000000004,0.4,0.1507537688442211,7.085427135678391,0.6030150753768844,"[-0.8125224493599424, -0.5825107680632065, 0.022101456434658735]","[-0.22522394139457785, 0.3486750555066433, 0.9097801283222946]","[-0.5376629478667949, 0.7342390011146593, -0.41450168121894987]",1.2144604694227086,-0.6440367580584138,0.18074035028221444,-0.8826678951211964,52.18856093016115,0.0915152908714647,35.65688122319026,6.482412060301507
53,776,1378,1119,6.123962314180877,2.05127420059789,1.9986164847846088,3.7,2.7,0.5,0.25125628140703515,5.175879396984924,0.6030150753768844,"[-0.7971159800368872, -0.6035644950447843, -0.017776802051202235]","[-0.02315144989887134, 0.0011305580812345124, 0.9997313300112213]","[-0.6033822376714555, 0.797313377637526, -0.014874579080678763]",2.0306920230695593,0.043592121830297155,0.3081014227998309,-0.8760930639056101,46.0122802171042,0.05557189062040576,37.14442540052873,4.57286432160804
54,649,1333,1707,8.202519245043225,2.110769892922598,1.9973301993092165,3.3000000000000003,2.6,0.7000000000000001,3.065326633165829,0.6030150753768844,0.6030150753768844,"[-0.8189703884680138, -0.5731944734758633, -0.027121917138698822]","[-0.17722335199344827, 0.2076943241328357, 0.962005691891275]","[-0.5457832777950942, 0.7926608122644465, -0.2716789472511823]",0.6222087148163782,0.008960195994043057,0.15908434487274192,-0.7729466538632646,344.88300329943013,0.06271907861792689,35.01814188768003,0.0
55,651,1369,2081,8.75953727891326,2.0330362937848996,1.8240260675678337,6.7,1.8,2.1,0.40201005025125625,0.7035175879396984,0.5025125628140703,"[-0.9667725490502199, -0.06522613016124884, 0.2471768402321054]","[0.027737762904607548, 0.9344279003424965, 0.3550705782947401]","[-0.25412881558766154, 0.35012862066060957, -0.9015700161841625]",0.5866457342843442,-2.1654402423033186,0.22946448767253216,-1.0207008519177385,38.15855453904338,0.0263042525208242,14.811398880370906,0.20100502512562812
56,429,1377,1664,8.120653580962964,2.0744307743640253,1.9897376660757269,3.6,2.9000000000000004,0.4,4.1206030150753765,0.5527638190954773,0.4522613065326633,"[-0.8149995472759793, -0.5788241681258411, -0.027172050592048327]","[-0.5666154548284981, 0.8058740757608106, -0.17179610113781368]","[-0.12133698648575075, 0.12461764084625992, 0.9847577261948592]",0.591639869036618,0.01924868378333899,0.08847814192785305,-0.887545558023616,511.50757666919435,0.11748483177054606,35.41268287535495,0.10050251256281406
57,176,1470,847,7.968211758706004,1.9788873195237142,2.002134620759689,4.9,3.2,0.4,4.723618090452261,0.6030150753768844,0.40201005025125625,"[-0.8290667579785573, -0.5587878905545862, -0.020109803193466412]","[-0.5307650403206011, 0.7977842963158892, -0.2860571420629673]","[-0.17588855218118968, 0.22648688686393625, 0.9580015173736876]",0.8117235022219792,0.05534951168073154,-0.02612652825919253,-0.9298983330335719,370.1963005871158,0.09778056951423786,33.99700950015306,0.20100502512562812
58,52,1324,576,6.386774774639658,2.0726686150402562,1.9906888675975456,1.8,2.0,0.9,2.4623115577889445,1.1055276381909547,0.6532663316582914,"[-0.716019384879675, -0.6980801274067067, -0.0006133484884074732]","[0.27117478486646857, -0.2789528379195379, 0.9212217704056176]","[-0.6432577061560601, 0.6594463207392035, 0.38903736778665776]",0.2438883391035223,0.024256147225916666,-0.08726316503019496,-0.6078314928926614,294.19644475225215,0.045881126173096975,44.27319614568046,0.4522613065326633
59,655,1394,1561,8.019218742735752,2.0021899529601277,2.0129772896807565,3.0,2.9000000000000004,0.5,4.321608040201005,0.5025125628140703,0.4522613065326633,"[-0.8166388641512753, -0.5766326764233272, -0.02440741769598151]","[-0.4260911814620179, 0.6308843837111029, -0.6484066621108733]","[-0.3892907276548174, 0.5191142946118257, 0.7609028048914328]",0.7077239026664812,0.05217054522972084,-0.0013379318565369328,-0.8181881125946164,1206.8745616685426,0.0014858841010401188,35.25026714773479,0.05025125628140703
60,46,1398,1757,5.961175094105039,2.0635635691965635,2.0116780894612445,4.5,3.2,0.5,6.984924623115577,0.6532663316582914,0.40201005025125625,"[-0.810996387708449, -0.5842231745465398, -0.03111497142229184]","[0.40229096473433573, -0.5954804994696229, 0.6953883479355445]","[-0.42479034689710726, 0.5514401663591173, 0.7179602385291711]",1.2495526568535829,0.06564718389924531,-0.13902948336036552,-0.8613337564128356,495.10395295486717,0.1088911088911089,35.806604271153496,0.25125628140703515
61,301,1352,1571,8.121675889034606,2.0767846318412864,2.0094579125334278,2.7,2.5,0.4,1.608040201005025,0.4522613065326633,0.3517587939698492,"[-0.8297789967374639, -0.5574899024936041, -0.025919590873305302]","[-0.5570188890730854, 0.8244107609495175, 0.10038353672999854]","[0.034594418468208224, -0.09773385211025394, 0.9946111402767099]",0.4777933652367194,0.015705988636001155,0.09231823984723811,-0.9531681962772685,398.0467911453742,0.0865124662060679,33.92395768442252,0.10050251256281406
62,348,1361,1208,8.00163315324394,1.999221101434727,1.9955705085583582,4.800000000000001,3.4000000000000004,0.5,3.316582914572864,0.5025125628140703,0.5527638190954773,"[-0.8182457583545274, -0.5743443543406397, -0.024544685205921846]","[0.19944403288647364, -0.32366629258324947, 0.9249120005662125]","[-0.5391622730503345, 0.7519100303111056, 0.3793881253238543]",0.7635515108931309,0.03368909233403024,0.0013396484947448507,-0.8217210451663433,623.7944505500737,0.05988439306358381,35.09042896746205,0.05025125628140703
63,465,1307,492,7.429891997218722,1.9676576838805286,2.0764867069343005,5.4,1.5,1.8,5.477386934673366,0.9045226130653266,1.0050251256281406,"[-0.9809338910094451, -0.06237788975065853, 0.18405895886732732]","[-0.06882471012146961, 0.9972117783889456, -0.02884143406718372]","[-0.18174669390601164, -0.04095934463111828, -0.9824919701155947]",0.3404726367426654,-0.6151745985001936,-0.2100648226616707,-0.9772598646416135,106.82821195287009,0.07391699485004544,11.206270879923405,0.10050251256281406
64,602,1425,1277,8.553530864555055,1.909724276277733,2.0060107024489713,10.600000000000001,2.0,2.4000000000000004,0.7035175879396984,0.7035175879396984,0.4522613065326633,"[-0.9764409030818765, -0.05424214269143096, -0.20885629687632576]","[-0.01066090511859392, -0.9545823032624517, 0.29775656399180317]","[-0.21552147895442295, 0.2929682854071325, 0.9315149359269038]",0.1338480948638085,2.1737154384029096,-0.028603279410277807,-0.7763088132871139,46.18876002100548,0.03466633651108085,12.461585126519601,0.25125628140703515
65,84,1492,1239,7.932635767839627,1.9975570718497906,1.998136504903341,4.6000000000000005,2.6,0.4,5.7286432160804015,0.5527638190954773,0.3517587939698492,"[-0.8253961633868112, -0.5638966083643889, -0.027235795223777504]","[-0.5415289911184229, 0.8044481569755577, -0.24415059802689865]","[-0.15958547942903695, 0.1867719941901576, 0.9693547838338842]",0.6679157413002734,0.034383017133471784,-0.03224013076005474,-0.9350788521819502,343.1862332081444,0.10106578463800074,34.37132321059362,0.20100502512562812
66,497,1394,364,7.978915199001282,1.9917275783758719,2.013210370208287,4.6000000000000005,2.9000000000000004,0.4,4.874371859296482,0.5527638190954773,0.40201005025125625,"[-0.8324260512469509, -0.5539273025061765, -0.015212256362551958]","[-0.5120363137357158, 0.779389359484708, -0.3610693004645466]","[-0.2118624143668448, 0.29277426434071746, 0.9324149009525767]",0.8064944026582392,0.050403688521623725,-0.014901520428429377,-0.9166765301723356,389.7476617196139,0.10615060356390113,33.65123531358748,0.1507537688442211
67,96,1326,1419,7.8803116305655285,1.9223526654197756,1.9853305530322953,1.6,1.9000000000000001,0.9,2.1608040201005023,1.1557788944723617,0.6030150753768844,"[-0.7287852791539662, -0.683494041728032, -0.041326889681602426]","[-0.055035784821773605, -0.0016897368039108102, 0.9984829528733002]","[-0.6825269806223979, 0.7299541353481145, -0.03638517569917342]",0.30940580219319364,0.031077970056729243,-0.1208938528807031,-0.5271495258305161,398.47669205351843,0.04998721554589619,43.21534384447921,0.5527638190954773
68,465,1404,1665,8.011570349907577,1.996554608256253,1.995414775003094,4.6000000000000005,2.1,0.5,4.221105527638191,0.5527638190954773,0.5527638190954773,"[-0.8417254414937527, -0.5386813369883712, -0.036341413326507054]","[-0.2258776705525571, 0.29021292486310135, 0.9299224355762981]","[-0.4903851130365786, 0.7909480864271846, -0.36595568787665755]",0.9465084439361177,0.04776209473244021,0.0011577598364995749,-0.8906897487542218,491.24694583236715,0.07111984282907662,32.677226996096365,0.0
69,457,1521,1386,8.08149365074307,2.0002915807411523,2.07691553730571,5.800000000000001,2.6,0.5,2.3115577889447234,0.40201005025125625,0.4522613065326633,"[-0.8594060669051227, -0.48276091274543687, -0.1684135187324959]","[0.14341999107904968, -0.5437773150060972, 0.8268838720422867]","[-0.49076666382870093, 0.6864751509049347, 0.5365630893608823]",1.2190152449739962,0.523227681720785,0.02599964861661196,-0.9206179143742852,65.05310037830868,0.061726836657409745,30.75003861562908,0.05025125628140703
70,88,1397,335,7.722580961764689,1.9751920236839529,2.039005665061429,4.3,2.7,0.4,0.8040201005025125,0.6532663316582914,0.40201005025125625,"[-0.9648711759906257, -0.24401969016587133, 0.09735504380266574]","[-0.21220568648166385, 0.9423309878993953, 0.25880698574303385]","[0.15489467507733318, -0.22905610678587307, 0.9610103743335896]",1.0398148732559274,-0.6603000475753449,-0.028248432395189815,-0.9685947776460733,169.6360480811984,0.06977739726027397,15.231723890573265,0.25125628140703515
71,312,1424,581,8.01552345590461,2.0030463739933295,2.0020989603471047,4.3,1.1,0.4,3.9195979899497484,0.5527638190954773,0.3517587939698492,"[-0.8273856516734928, -0.5614296047477197, -0.01515857241461119]","[-0.530105382293607, 0.7895695571726439, -0.30914106496799104]","[-0.1855296932250423, 0.24774324067270603, 0.9508953778585778]",0.6873440758309068,0.028101765794370473,0.006614696424525284,-0.9486226801063076,323.05677252420617,0.0898876404494382,34.16888960860481,0.20100502512562812
72,379,1383,971,8.038004975761861,2.017306747697766,2.0069514596230213,5.5,3.2,0.4,4.723618090452261,0.6030150753768844,0.3517587939698492,"[-0.840464020188312, -0.541482304026103, -0.020424132673975415]","[-0.5344016190136504, 0.8345305324108963, -0.13406602876782775]","[-0.08963894446327664, 0.10176298394096833, 0.9907619061787447]",0.7834433971550802,0.03352691925655457,0.023405629422897374,-0.9338847325309128,309.6589527969104,0.11250205896886839,32.81084851067138,0.25125628140703515
73,583,1337,1212,8.564292743937205,1.8845717479790887,2.1025420552501806,6.9,2.4000000000000004,1.3,0.6030150753768844,0.5527638190954773,10.0,"[-0.9768531246610875, 0.17239012384848723, -0.12664761363473515]","[0.1671169640460976, 0.9846054619268209, 0.05122503950107854]","[-0.13352862302849253, -0.028874375203196134, 0.9906242361706783]",-0.8943832715078737,0.8093797054920436,0.192429569251047,-1.1538978644982025,50.358390356527515,0.04001759014951627,12.351653721096609,9.447236180904522
74,702,1437,1293,6.7583940510518055,2.195648876601433,1.6616837954046924,2.2,1.4000000000000001,2.1,0.6030150753768844,0.7537688442211055,1.0050251256281406,"[-0.9644260361843647, 0.10151331788524359, -0.24408495861409393]","[-0.1590810791632538, -0.9602970829905813, 0.2291783642755896]","[0.21112941761386306, -0.2598548800613715, -0.9422843574666414]",-1.345638636885702,3.636612662950227,-0.22671451805975565,-1.0668048859087784,20.15093465556537,0.10181159420289855,15.328501631014001,0.25125628140703515
75,664,1404,1140,8.008335761370114,1.996594793117934,1.9980035518223964,5.1000000000000005,3.5,0.5,4.0703517587939695,0.5025125628140703,0.5025125628140703,"[-0.8188348211170109, -0.5736830722994014, -0.019931590086913593]","[-0.009486097972833712, -0.021194051762040856, 0.9997303767092193]","[-0.5739508251335846, 0.8188031171942547, 0.011912413754127032]",1.014122904081595,0.028936552803712715,-0.004397422270348954,-0.8722587984736152,536.468965017603,0.07172314864622557,35.031675599520426,0.0
76,390,1391,972,8.008875244569346,2.004046382425358,1.9911323529127967,5.4,2.0,0.4,4.271356783919598,0.4522613065326633,0.5025125628140703,"[-0.8340694761054769, -0.551141631510377, -0.02389583740352488]","[0.25117292874479746, -0.41796506611599427, 0.8730506075666026]","[-0.4911621615056446, 0.7221828754011919, 0.4870437614654056]",0.7971415188985222,0.03629853373365351,0.009055961872047463,-0.9250831724318016,309.3649696897216,0.09285498944829665,33.480930345196384,0.05025125628140703
77,702,1432,1141,7.976035269395381,1.9917082960279242,1.9971412131738089,5.300000000000001,3.7,0.4,3.9698492462311554,0.4522613065326633,0.5025125628140703,"[-0.8188483400033715, -0.5734615115370376, -0.02508567039923633]","[0.012908049379627664, -0.06208771232572024, 0.9979872234850363]","[-0.573864773561626, 0.8168763742230614, 0.05824268968075889]",0.9576807802820587,0.0330579482407485,-0.01790745144100736,-0.8830764643770492,524.6648826008912,0.09246057463815079,35.03032621149652,0.05025125628140703
