bead_index,peak_z,peak_y,peak_x,centroid_z_um,centroid_y_um,centroid_x_um,fwhm_z_um,fwhm_y_um,fwhm_x_um,fwhm_pca1_um,fwhm_pca2_um,fwhm_pca3_um,pca_axis1,pca_axis2,pca_axis3,tilt_angle_y_deg,tilt_angle_x_deg,skew_pc1,kurt_pc1,snr,vol_ratio_05_01,pc1_z_angle_deg,astig_um
0,1504,339,626,2.3482690927389815,1.9609328169240374,2.018361244759251,0.69,1.2000000000000002,0.30000000000000004,0.9547738693467336,0.4522613065326633,0.40201005025125625,"[-0.7037143426808744, -0.7101686598762383, -0.02113287568723823]","[-0.7101351866559045, 0.7039892359358506, -0.010352408398081547]","[-0.02222927300674325, -0.007722060349713025, 0.9997230762593943]",0.2961483902408922,-0.004542537596533672,0.044591477769641646,-0.4292839637059642,272.61828815691945,0.09112195121951219,45.27422888794225,0.05025125628140703
1,413,364,1254,2.3637724103582576,1.9680838912336172,2.0137913742428157,0.87,1.4000000000000001,0.4,1.1557788944723617,0.5527638190954773,0.4522613065326633,"[-0.7117676174468376, -0.7022960263635736, -0.012928654531182719]","[-0.7005279831311414, 0.7110834697696704, -0.06017344821880648]","[-0.05145292610014883, 0.033772627588931806, 0.998104205993278]",0.2619073426642115,-0.003244156656830429,-0.012607714791250349,-0.4809366872399967,375.49240728878334,0.06486228687254084,44.621083869148634,0.10050251256281406
2,1397,352,1314,2.3867290017443015,1.9894120119357699,2.011285197271011,0.75,1.0,0.4,1.0552763819095476,0.4522613065326633,0.40201005025125625,"[-0.6386204664003052, -0.7695217617601321, -0.000397582996070608]","[-0.7674010534144119, 0.6368986682199124, -0.07386277572737808]","[-0.057092233386929786, 0.04686517467463507, 0.9972683351483734]",0.11676927706213437,-0.00029497734159044953,0.009606947754693361,-0.44736917311673485,329.5484012902131,0.09070387851426226,50.310972096274625,0.05025125628140703
3,586,370,892,2.391989402954436,1.992371299083461,2.033077253377972,0.84,1.4000000000000001,0.5,1.0552763819095476,0.4522613065326633,0.5527638190954773,"[-0.6696300604599724, -0.7426419351129521, -0.008862185964161474]","[-0.7417074896426765, 0.6693073300280268, -0.04356257314154835]","[-0.03828291964222375, 0.022597658782342205, 0.9990113932689775]",0.22626391574520202,-0.0002196569388530883,0.026493865097416636,-0.4429132011022281,220.22186125669916,0.061996218529206885,47.96148088895188,0.10050251256281406
4,722,328,504,2.3510228019468897,1.9605015660408496,2.0052395734792032,0.99,1.8,0.30000000000000004,1.2562814070351758,0.6532663316582914,0.3517587939698492,"[-0.7026656379850498, -0.711493250953658, -0.006193144795492506]","[-0.7112006512219338, 0.7025842919138832, -0.02385259854532363]","[-0.021322169133566066, 0.012355832762785096, 0.9996963031341957]",0.26100011321943545,-0.0005712510536283969,0.002352900744804379,-0.5142802299891791,194.6911105384826,0.06763953983809118,45.35873831948061,0.3015075376884422
5,453,350,971,2.4171827778525086,1.9741327649183078,2.0458856147539572,0.9299999999999999,1.3,1.3,0.05025125628140703,0.1507537688442211,0.25125628140703515,"[0.8154765163691461, -0.44244717806767153, 0.37314681543649303]","[0.46767964512543003, 0.8835287574673147, 0.025547686071643746]","[-0.3409894438040474, 0.15367963218402658, 0.9274204924768423]",-0.008262124500752506,0.03898038813542437,-0.06113575291382257,-0.6330006662751346,278.76845432901246,0.07074468085106383,35.36549397304946,0.10050251256281406
6,404,332,1560,2.386750471564402,1.9881982572839914,2.0028802979716223,0.75,1.2000000000000002,0.30000000000000004,1.1557788944723617,0.5527638190954773,0.3015075376884422,"[-0.6025521902788833, -0.7979871082698395, -0.012142200181998686]","[-0.7980704008364209, 0.6025481691436675, 0.004397632363982208]","[-0.003807006555671194, -0.012340133579242539, 0.9999166104252553]",0.0832223209462467,0.0008009867955320671,-0.002201550460003211,-0.4990306209726523,266.7130723048493,0.10209003215434084,52.9470956778142,0.25125628140703515
7,168,372,784,2.4018285001298905,1.9937251621605492,2.0124680819035543,0.96,1.3,0.5,1.4070351758793969,0.5025125628140703,0.5527638190954773,"[-0.6799089520981433, -0.7330319838990786, -0.01969587362333554]","[-0.725186072551425, 0.6761301098229922, -0.1302045881226472]","[-0.10876110074031205, 0.07424409183046354, 0.9912914999101048]",0.1902375000214858,0.007036877390551158,0.02856153443684012,-0.4609228397384113,187.49991300121488,0.06367303981757587,47.16347135084774,0.05025125628140703
8,543,366,1688,2.3882609928256375,1.9922864099630282,1.992781045177183,1.23,1.3,0.30000000000000004,1.4070351758793969,0.6030150753768844,0.3517587939698492,"[-0.7126787568179884, -0.7010805188872745, -0.023981151288380295]","[-0.6998065649793689, 0.7129196847080714, -0.044903171018539655]","[-0.04857737325281047, 0.015219368991306402, 0.9987034643052779]",0.16270038392214708,0.00906426077343566,0.016492671403267777,-0.5148877814432451,303.52941628921616,0.08745541944487517,44.54671357758512,0.25125628140703515
9,1215,352,1026,2.3808416932848897,2.007610352580217,2.020995136217091,0.72,0.9,0.4,1.1055276381909547,0.4522613065326633,0.4522613065326633,"[-0.5474369464352086, -0.8359623037952453, -0.03846838066570455]","[-0.81333182645016, 0.5206711387447112, 0.2596014355922045]","[0.19698763859933455, -0.17340297549821043, 0.9649493656806171]",0.053498870646204545,-0.030629826033048087,0.01516254408418646,-0.49842420699459833,230.55876758842828,0.08783575177523927,56.808646144599656,0.0
10,1103,332,862,2.385257801569078,1.9839540968863838,2.002234055329147,0.8999999999999999,1.4000000000000001,0.30000000000000004,1.0552763819095476,0.5527638190954773,0.3517587939698492,"[-0.5667912663847914, -0.8238082083220555, -0.009364627655667174]","[-0.8233304709549388, 0.5667974120698102, -0.029455547322770417]","[-0.02957356838534654, 0.0089849636710721, 0.9995222231050125]",0.11826453738614208,0.0022896627205858935,-0.004115818376587291,-0.5201727365333162,292.46877725642645,0.05965012905075997,55.47322727142301,0.20100502512562812
11,1556,344,1634,2.392607617285431,1.9917702335157916,1.9981933715329345,0.72,1.1,0.30000000000000004,0.9547738693467336,0.5025125628140703,0.3015075376884422,"[-0.6141481789776374, -0.7891133246125427, -0.01105328808055465]","[-0.7888794837231299, 0.6142390676104714, -0.019481477914868702]","[-0.022162455170397687, 0.003244801990778704, 0.999749116949278]",0.07418801538804284,0.0008761039004656001,-0.0023630547664488504,-0.4995287418277634,272.23077937498425,0.10684647302904564,52.10994849799634,0.20100502512562812
12,1187,352,660,2.3786918179539094,1.9857700836247916,2.0190135853617233,1.14,1.4000000000000001,0.4,0.5025125628140703,0.3517587939698492,0.40201005025125625,"[-0.6235060200692746, -0.7317035239392247, 0.27540914289887675]","[-0.5663360465597614, 0.6655579855097007, 0.48610292150050805]","[0.5389839749978036, -0.14711397275306665, 0.8293694916720636]",0.09203628015531691,-0.05089058641142974,-0.002629866241146006,-0.46445916298887413,265.547083386768,0.08091428571428572,51.42738288254545,0.05025125628140703
13,136,889,742,2.463994585736117,2.0814687614578005,2.0443159759683076,2.34,2.7,0.4,6.030150753768844,0.6030150753768844,0.6030150753768844,"[-0.7763422861594143, -0.6300724669459188, -0.017359179630927004]","[-0.6264898438362133, 0.7743706428335205, -0.08865992943645817]","[-0.06930461954914376, 0.05795510257332803, 0.9959106766145565]",0.9962159965384111,0.07049795132429637,0.045929669388904866,-0.7353248865964543,28.834679590042807,0.04401908744839419,39.07311214453213,0.0
14,475,346,980,2.364770627549333,2.0085333857051513,1.9680114491187561,0.9299999999999999,1.2000000000000002,1.3,0.10050251256281406,0.10050251256281406,0.1507537688442211,"[-0.5759861561946585, 0.7409164756593577, -0.3453733110253591]","[0.6796151843276884, 0.6688083093190065, 0.30136132236419266]","[-0.4542721090968989, 0.06114099674007256, 0.888762414492358]",-0.023113970480114206,0.03920170490578343,-0.05370346646091883,-0.43550336699551284,278.7521267640926,0.07038899179677163,54.83127739504348,0.05025125628140703
15,1252,358,1108,2.398865589954637,1.992688345491095,1.996294074862846,0.72,1.1,0.4,1.0552763819095476,0.4522613065326633,0.5025125628140703,"[-0.5772542732680709, -0.8165377890397353, -0.006598716833693844]","[-0.8151266395584851, 0.5766983699042246, -0.054658500088289]","[-0.04843620005577051, 0.02617306286834118, 0.9984833024664194]",0.07774947610751531,0.005672797237607011,-0.005415931944949693,-0.5049408888112699,229.4793131434659,0.06576963229323744,54.742346331440636,0.05025125628140703
16,777,350,1110,2.3813913662293156,1.9856714115199208,2.015424253071468,0.72,1.2000000000000002,0.30000000000000004,1.1055276381909547,0.5025125628140703,0.4522613065326633,"[-0.6366869748336051, -0.7710978774531241, -0.006144873027086664]","[-0.7710286518256783, 0.6367136180657245, -0.01051601795034971]","[-0.012021403458404443, 0.0019575384903894374, 0.9999258241999498]",0.09188842076206727,-0.009044910389644415,0.0054771398864765725,-0.493976988257097,207.56445467962283,0.06619800820152313,50.454783167622914,0.05025125628140703
17,437,368,1406,2.38782991858345,1.9847689790328316,2.004199850410305,1.44,1.4000000000000001,0.30000000000000004,1.2562814070351758,0.5025125628140703,0.40201005025125625,"[-0.7057468577546018, -0.7083194179684298, -0.014316944449525235]","[-0.7031950555236193, 0.7028150359815024, -0.10755342433160245]","[-0.08624434275151042, 0.06583788671566329, 0.9940962156734002]",0.1381433324922657,0.00033814513511209364,-0.006176639183351483,-0.5338384730737271,182.36904221285303,0.04819277108433735,45.11008682150157,0.10050251256281406
18,638,352,1920,2.390441836586383,1.9951229036165312,2.0124829844023084,0.8999999999999999,1.1,0.30000000000000004,1.0552763819095476,0.5025125628140703,0.3517587939698492,"[-0.6864106726587207, -0.7263327405655222, -0.03579299432543557]","[-0.7271532573626955, 0.6861581714228777, 0.02085914898634091]","[-0.009408972686976779, -0.040344934901307666, 0.9991415102280481]",0.0848007485941244,-0.0012723213136637342,0.01463375464647365,-0.512575021854496,192.99749795669706,0.08158158158158157,46.65335020654806,0.1507537688442211
19,475,397,1142,2.3142228563512486,1.9217370570979668,1.9971828782418137,2.46,2.5,0.5,2.964824120603015,0.4522613065326633,0.5025125628140703,"[-0.7595439388397703, -0.6500673669539028, -0.022481623459773514]","[-0.0008464525173300076, -0.03357501621713081, 0.9994358417648206]","[-0.6504554469676637, 0.7591344654984644, 0.024951448904976477]",0.430071803387253,0.00487092328282974,-0.01446092256985213,-0.70223424391998,99.81692447803768,0.03992387022529102,40.57599097502657,0.05025125628140703
20,633,338,104,2.3751410317163715,1.9828249660777013,2.0151468195290194,1.89,1.9000000000000001,0.30000000000000004,2.4120603015075375,0.6030150753768844,0.3015075376884422,"[-0.7068839027184582, -0.7073209946222787, -0.003486924729831661]","[-0.7062555277266748, 0.7060735068885149, -0.051607484202103183]","[-0.03896508222803369, 0.03401783997705342, 0.9986613584845757]",0.19462772102524672,-0.004531224036263302,0.0010995433528402324,-0.5503361338327286,172.25181759672958,0.07412664616355177,45.0180566559592,0.3015075376884422
21,642,340,104,2.3411260546691075,1.9615344942839255,2.014878044404247,1.7999999999999998,1.8,0.30000000000000004,2.4120603015075375,0.6532663316582914,0.3517587939698492,"[-0.6978613281379403, -0.7162278459649549, -0.0026906047554788996]","[-0.7149974337299069, 0.6968731887702801, -0.05609303461917562]","[-0.04205040367460088, 0.03722138414327646, 0.9984219208897918]",0.20605811626336035,-0.011263672083135008,-0.04248769509645132,-0.5480065856509153,193.81643238865271,0.07626156092811942,45.74433109178038,0.3015075376884422
22,1260,344,2064,2.4012173102916643,2.0049175719399868,2.000899561322115,0.72,1.1,0.4,1.0552763819095476,0.5527638190954773,0.40201005025125625,"[-0.600421280866806, -0.7990813129338753, -0.03103773191034382]","[-0.7991347524837622, 0.6009949764964245, -0.013736287663655066]","[-0.02962993174107029, -0.016555770774463283, 0.999423820808311]",0.05588155638573253,0.003245501581531171,0.029485007472344806,-0.512490387068028,174.65014346174732,0.057621055321323625,53.099924372602054,0.1507537688442211
23,1401,322,754,2.360502376813777,1.9678945162947952,1.9985680437809532,1.71,2.5,1.0,0.9547738693467336,0.25125628140703515,0.7537688442211055,"[-0.7277167451559637, -0.6465360547067143, -0.22895298378463397]","[-0.49751026406746723, 0.7273646975319228, -0.47267762156866855]","[-0.4721354423967017, 0.23006896085428585, 0.8509737935355586]",0.2558821536695958,0.11589410520755186,0.015822200788092964,-0.585437545852225,102.93075712223133,0.027752383439989554,43.30467928694411,0.5025125628140703
24,390,362,2105,2.466278059048415,1.9751589977971495,1.9492332997313124,2.76,1.2000000000000002,1.9000000000000001,3.165829145728643,0.8040201005025125,0.6030150753768844,"[-0.8138457667659315, 0.005258179309129529, 0.5810571567991614]","[0.288720526137441, 0.871449764421214, 0.39650443361598064]","[-0.5042772309990718, 0.49045658282926863, -0.7107438460200304]",-0.0006497518770211707,-0.28944397596450594,-0.0467641913015683,-0.6944717744991182,65.76877961750273,0.04908804323350597,35.526606716311775,0.20100502512562812
25,175,522,742,2.374353272717511,1.99141289336817,1.966805555600207,1.89,2.2,0.30000000000000004,1.0050251256281406,0.40201005025125625,0.3517587939698492,"[0.8241946419804208, 0.5497730237940561, 0.13584113677051313]","[0.31613242698289634, -0.6456796402990665, 0.6950957421198695]","[0.4698547442994155, -0.5299503980672227, -0.7059667802720767]",0.12491428027438244,0.14913402644150944,0.021896227554554178,-0.7200782755059234,18.913666318686385,0.03193739424703892,34.49307487597001,0.05025125628140703
26,161,895,742,2.4281910778312876,2.058899505981047,2.0486601377453266,2.85,3.0,0.6000000000000001,1.557788944723618,0.5527638190954773,0.6030150753768844,"[-0.7652170640353156, -0.643559039186618, -0.016571300201511565]","[-0.605901585745643, 0.7286619664212883, -0.3192726218797605]","[-0.21754565796652206, 0.2342722812717249, 0.9475180129832125]",0.9253078092478199,0.06990746556702254,-0.011504507261416863,-0.7857949422730672,43.098304234168495,0.03241676611705107,40.07369314190038,0.05025125628140703
27,1157,344,666,2.438577524223179,2.0361944151279125,1.9740228681311227,1.14,1.6,0.4,1.658291457286432,0.1507537688442211,0.1507537688442211,"[-0.6865357139963495, -0.6524188898231625, 0.32096464853537215]","[0.5223364337789626, -0.7496243722296834, -0.4064824110663697]","[-0.5057997265268124, 0.11141316242332322, -0.8554260598580313]",0.12554346928164642,-0.08235123457526093,0.07254101409943375,-0.5918889390687303,281.0873870827831,0.08213457076566125,46.643497644365674,0.0
28,466,534,1450,2.409378762879139,2.013599983363096,1.9945928679262896,2.04,1.8,0.4,1.1557788944723617,0.5025125628140703,0.3517587939698492,"[-0.7732906041872515, -0.633390965949709, -0.028940036783160372]","[-0.607483553857708, 0.7531898816483277, -0.2523266414292958]","[-0.18161875802935418, 0.17754122460959296, 0.967209253624055]",0.32223874540251163,0.014205174754329399,0.031437853866974244,-0.6566087190705661,63.43616486301298,0.03930989298973575,39.34969112341347,0.1507537688442211
29,1386,388,1684,2.3401917687328253,1.9578309163297132,1.997044580373088,2.31,2.2,0.30000000000000004,2.914572864321608,0.6030150753768844,0.3517587939698492,"[-0.7478130291891887, -0.6638748485794601, -0.006771912469057464]","[-0.64024815302139, 0.7238228584369387, -0.2572212513710291]","[-0.1756643843457992, 0.18801769870886642, 0.9663288100044586]",0.24632527870943227,0.008596385675200461,-0.03857321187482912,-0.6593533110271403,132.16717822995932,0.06748848213173951,41.59871079834485,0.25125628140703515
30,306,272,1492,2.4149729284518924,2.0080221819166346,1.9926592776895604,2.37,2.5,0.4,5.276381909547738,0.6030150753768844,0.40201005025125625,"[-0.7482996200265469, -0.6625906037433172, -0.031958887640090035]","[-0.6630131873020134, 0.7485985922964452, 0.003696089204287729]","[-0.021475384321373497, -0.02395494610403575, 0.99948235023206]",0.580961538482585,0.04145701531296773,0.04490544380629421,-0.6999785987859628,54.03834451637478,0.032513894826849084,41.55670036468191,0.20100502512562812
31,116,334,1326,2.3855003715057754,1.9833868871059235,2.0090706926944386,0.87,1.4000000000000001,0.2,1.2562814070351758,0.6030150753768844,0.3517587939698492,"[-0.6379735300473629, -0.7700131578985507, -0.008337363012898493]","[-0.7695707880684836, 0.6379174684484229, -0.028672383926160738]","[-0.027396662398186392, 0.011876030963996725, 0.9995540919720064]",0.0759561930941611,-0.000620333626364994,-0.011100958954430641,-0.5428963850101205,157.39851886724338,0.045155393053016454,50.35912382162706,0.25125628140703515
32,1419,326,756,2.327999884783973,1.9486056771003064,1.9824802141888538,1.17,2.3000000000000003,0.9,1.0552763819095476,1.0050251256281406,0.3517587939698492,"[-0.706044120279774, -0.6555726722461566, -0.26781742217860627]","[0.4787690245324112, -0.7205427674250722, 0.5015957948983444]","[-0.5218064021901645, 0.22592607577579926, 0.8226028731519873]",0.24625804687950656,0.12574041785948165,-0.027138955328238606,-0.537118667398703,134.61650776847983,0.032587026529673366,45.086041213960804,0.6532663316582914
33,522,414,102,2.3404197147491073,1.9501482770857834,2.0103617166672048,2.28,2.3000000000000003,0.30000000000000004,2.914572864321608,0.5527638190954773,0.3015075376884422,"[-0.7586720675891058, -0.6514643719351508, 0.0032963554435877836]","[-0.6476511380114894, 0.7547592548361278, 0.10433825123911133]","[0.07046060809057698, -0.0770236284418782, 0.9945364062562787]",0.2790339531046861,-0.011300122155884586,-0.04224847586813924,-0.6722266782191197,141.29374685945487,0.05650245155265001,40.65273025440414,0.25125628140703515
34,1246,396,1036,2.352798117864158,1.950878831772422,2.0209845970527027,1.95,2.2,0.5,3.266331658291457,0.6532663316582914,0.5025125628140703,"[-0.7572646296791965, -0.6528577386222665, -0.018084627666912094]","[-0.032683326122189105, 0.010225668476893462, 0.999413445926055]","[-0.6522898748489209, 0.75741151880944, -0.02908109943516338]",0.29550736903568975,-0.011168419373292262,-0.04053473685682977,-0.6612503731098678,140.6410133396327,0.03169435534064251,40.7763565041402,0.1507537688442211
35,199,904,744,2.334236956505979,2.0093776868111557,1.990668965131162,4.109999999999999,3.2,0.6000000000000001,3.115577889447236,0.9547738693467336,0.6030150753768844,"[-0.7824576728682648, -0.6226256948873593, -0.00986074214306194]","[0.286643733797314, -0.3741945591769507, 0.8819375271282552]","[-0.5528068017348499, 0.6872522651460667, 0.4712631579142231]",1.1269554148829721,0.07742963352915462,-0.007777788958990836,-0.840773473749421,44.22610529558986,0.02722501874263682,38.5138483290326,0.3517587939698492
36,386,357,1254,2.5143659699775713,2.085314310061693,2.0135666337360556,1.3499999999999999,1.4000000000000001,0.4,1.1055276381909547,0.6030150753768844,0.7035175879396984,"[-0.7123056027360044, -0.7017528776877064, -0.012791675727630212]","[-0.7000347858441431, 0.7116425565651298, -0.05929730426917829]","[-0.050715154727582236, 0.03328318407949793, 0.99815840563434]",0.3416291840032844,0.02001779899819597,0.1580053674957936,-0.6072191056507554,316.5602981829072,0.06501732998685311,44.57718352611965,0.10050251256281406
37,607,331,104,2.471551787110014,2.0580149806990007,2.0151819753220175,1.8599999999999999,1.9000000000000001,0.30000000000000004,2.4120603015075375,0.6532663316582914,0.3517587939698492,"[-0.7329667237694909, -0.6802424962242171, -0.005470665157466703]","[-0.6791945109770181, 0.732241055861308, -0.05017820612383723]","[-0.038139193820899406, 0.03306330960087458, 0.9987252972929686]",0.29647452727840373,0.014374564501243803,0.10432284358490305,-0.660362236494795,194.0978533177316,0.07093268940537277,42.86431499911385,0.3015075376884422
38,226,372,1902,2.4051469714517264,2.009810308071232,2.0016431375148254,2.31,1.9000000000000001,0.30000000000000004,2.914572864321608,0.5025125628140703,0.3015075376884422,"[-0.7408934209518298, -0.671098917752258, -0.026517567423191772]","[-0.6698230996300868, 0.7412204732510549, -0.04392294657040046]","[-0.04913200578277092, 0.014780142936776312, 0.9986829293537216]",0.15867876214578183,0.0069671155155210645,0.004885850876672065,-0.6207994902514038,143.29141029695447,0.050568726874057834,42.19242296622813,0.20100502512562812
39,590,454,866,2.3351268428013627,1.9585709011398826,2.0174650526469824,2.9099999999999997,2.7,0.5,2.7638190954773867,0.4522613065326633,0.5025125628140703,"[-0.772110712584688, -0.6353578676626195, -0.012861862663508148]","[-0.046600892225414726, 0.03642309879190567, 0.9982493249274902]","[-0.6337770935871386, 0.7713583718827485, -0.0577309082782758]",0.42840657320790965,-0.026533772632661504,-0.003181796143076225,-0.6889265258455541,48.01849648707619,0.012595724549835902,39.45619080055392,0.05025125628140703
40,427,385,1142,2.4774971547948734,2.0436075295465943,1.9954159761636683,2.4299999999999997,2.4000000000000004,0.5,3.015075376884422,0.9045226130653266,0.4522613065326633,"[-0.7625883774382582, -0.6463759865999267, -0.025632997153197123]","[-0.015321189918901851, -0.021566804276678155, 0.9996500057984097]","[-0.6467025805851974, 0.7627142039455294, 0.0065433450301654456]",0.4255717189635891,0.014356993442954099,0.01067141619708876,-0.6913163855718776,85.1554035602101,0.037480262611152663,40.3070820431296,0.4522613065326633
41,242,256,1490,2.4668549643567386,2.0385208977489664,2.021964540052965,3.2399999999999998,3.3000000000000003,0.4,6.4321608040201,0.7035175879396984,0.3015075376884422,"[-0.7808997963003729, -0.6241600941070389, -0.02489347429205233]","[-0.6236853204939675, 0.7812877112860326, -0.024619772415082612]","[-0.034815645023087094, 0.0036998807718525567, 0.9993869029279403]",0.6282460482312485,0.05026331339702012,0.004339494778154353,-0.7846211086404562,49.64261380842858,0.04781853760714384,38.656966113435054,0.40201005025125625
42,93,526,720,2.424709151033258,1.9957895307614948,2.028778378600103,1.56,1.7000000000000002,0.30000000000000004,1.9597989949748742,0.4522613065326633,0.4522613065326633,"[-0.7894771671748401, -0.6118990481214108, -0.048014137685690975]","[0.42666557358403645, -0.6033537736288256, 0.6737363818037887]","[0.4412281618706976, -0.5114135105332733, -0.737410286350983]",0.17682357569173843,0.0764617894097889,0.03412294222248936,-0.6607465681063811,32.62743505259143,0.025330363771343727,37.86332123147221,0.0
43,453,360,2091,2.2995266995726316,2.012057572747013,2.085376638106678,2.85,1.1,2.0,3.115577889447236,0.9045226130653266,0.4522613065326633,"[-0.7903945235915896, 0.07306527116939898, 0.6082252569775165]","[-0.326623254435935, -0.8902279571027157, -0.31750816376024654]","[0.5182603078937288, -0.44961722669584997, 0.7274961186977084]",-0.008108186156625678,-0.37289706755156043,0.04010478126000084,-0.6942732698804766,31.05743316587468,0.054640342052313884,37.77760436827571,0.4522613065326633
44,1279,401,906,2.321678714466547,1.9380758332328172,2.003965788499274,2.55,2.6,0.6000000000000001,3.8190954773869343,0.6532663316582914,0.5025125628140703,"[-0.7648153228135851, -0.6435251577789091, -0.030543301969195406]","[-0.0914174231241103, 0.06147397507373749, 0.9939133790919513]","[-0.6377306459147929, 0.7629523718386771, -0.10584564973033926]",0.3890473571723394,0.010312316247306493,-0.022633374939524033,-0.690485140543204,93.52007066340484,0.019356584768897674,40.10943488679251,0.1507537688442211
45,1344,338,2112,2.3960314877374933,1.9942679230464748,2.0023245372928833,0.72,1.1,0.5,1.0050251256281406,0.5025125628140703,0.4522613065326633,"[-0.5870262946849453, -0.8089218284051474, -0.032335814171539835]","[-0.7945417583833851, 0.5680111480007536, 0.21463161447443846]","[0.15525309508509622, -0.15168655601779094, 0.976159651486354]",0.059307536228491664,-0.005760270823972944,0.001113821520462118,-0.5381133903983537,121.3630878722886,0.01490913368229136,54.05373220227548,0.05025125628140703
46,295,334,204,2.363259987845479,1.9727124726190017,1.9976584336807346,1.53,1.9000000000000001,0.30000000000000004,2.1608040201005023,0.6532663316582914,0.3015075376884422,"[-0.7124635140827638, -0.7016127756917926, -0.01162987905775902]","[-0.7016526278620108, 0.7125186370961338, -0.0008840842734967563]","[-0.008906790396900847, -0.007530257414353175, 0.9999319798406788]",0.1458023489961559,0.0036568302630116704,-0.014311720887258746,-0.569452399226027,99.1508084381599,0.022671723556679308,44.56429126115217,0.3517587939698492
47,1346,379,1682,2.4675167111583933,2.0430763949134456,2.0194638465372465,2.28,2.3000000000000003,0.30000000000000004,2.8643216080402008,0.6030150753768844,0.40201005025125625,"[-0.7476682029185547, -0.664027870596742, -0.007697104344833409]","[-0.6377481986499679, 0.7212129961160556, -0.2704238328106887]","[-0.18512021354584624, 0.19727848667317693, 0.9627106030540443]",0.2572022115756097,0.03275017779495761,0.03493226102705005,-0.6462616142694175,103.43852771771081,0.0678305487766723,41.61120785760223,0.20100502512562812
48,106,881,742,2.414423778607565,2.0603720170446853,2.034776221238927,3.5999999999999996,2.3000000000000003,0.4,5.276381909547738,0.6532663316582914,0.4522613065326633,"[-0.7756296883928578, -0.6309104510360848, -0.018724028867792574]","[-0.630886816384873, 0.7740014467677526, 0.05388492658605912]","[0.019504137903464256, -0.05360749177931716, 0.9983715868501933]",1.0314484808774365,0.04835481653525819,0.05950123342669028,-0.8690040512699104,39.5996299519471,0.06300144679731685,39.13784277798327,0.20100502512562812
49,214,250,1490,2.4539421222180806,2.021434735982993,2.012896700400064,3.33,2.7,0.30000000000000004,5.6783919597989945,0.7035175879396984,0.3517587939698492,"[-0.7643632219510317, -0.6443896336028754, -0.022602323636964673]","[-0.6431604312436405, 0.7644552081739312, -0.04419156455983638]","[-0.04575505011616118, 0.019241486452555037, 0.9987673605940292]",0.4634430829873476,0.03295829142700155,0.012258286259379763,-0.6986172399469597,33.57134301907827,0.034983866663431916,40.14962535562285,0.3517587939698492
50,244,915,742,2.241090624512584,1.9370038580024318,2.04883486846935,3.1799999999999997,2.6,0.9,5.979899497487437,1.1055276381909547,0.5527638190954773,"[-0.7751463606898943, -0.6317762016149266, 0.0026363956888641135]","[0.16006797086147478, -0.19235227690425527, 0.9681832710153792]","[-0.6111680327156371, 0.7509057415167132, 0.2502283020438196]",0.7838281804576045,-0.01322902260071129,-0.05303124473287464,-0.7233034388538666,23.567375057528107,0.03548788606825484,39.18169597726482,0.5527638190954773
51,484,404,102,2.445505757442401,2.0320638871298438,2.010836695499909,2.28,2.2,0.30000000000000004,2.914572864321608,0.5527638190954773,0.3517587939698492,"[-0.7561670706051706, -0.6543748076455891, 0.002229899368336393]","[-0.6474313761967672, 0.7486300853940581, 0.14277817886093527]","[0.09509981308264992, -0.10652045043879223, 0.9897522009018023]",0.25444269478617826,0.004556807437165241,0.03012719422403086,-0.655709110098099,126.49133543509119,0.05530164533820841,40.87254942797214,0.20100502512562812
52,199,366,1902,2.4707523441781962,2.0510042395163133,2.001363066569089,2.28,2.0,0.30000000000000004,2.8140703517587937,0.5527638190954773,0.3517587939698492,"[-0.7493224689926214, -0.6613450243864268, -0.0337430908797412]","[-0.6604953826150194, 0.7500761522977538, -0.03363949016313058]","[-0.047557197215992254, 0.0029196701034619674, 0.9988642492948908]",0.24168133333640424,0.005860051142027793,0.054450838840077204,-0.6541923813860522,126.52262088604805,0.05484270497894476,41.46827789570147,0.20100502512562812
53,224,414,632,2.354011682059795,1.9666794227539879,1.9975990204011174,3.54,2.8000000000000003,0.5,2.6130653266331656,0.6532663316582914,0.5025125628140703,"[-0.772207216398218, -0.6351596147933031, -0.01637921482058195]","[0.018805955022464536, -0.048616190890543795, 0.9986404768679202]","[-0.6350923956387835, 0.7708493560475467, 0.04948655658735999]",0.4203906670901125,0.016448107041529086,0.028407814097834144,-0.6812418423258397,48.774790223303285,0.012700138367266259,39.44748918685057,0.1507537688442211
54,639,302,790,2.412509398491938,2.007695360710659,2.010422158696582,2.4899999999999998,2.3000000000000003,0.30000000000000004,2.964824120603015,0.7035175879396984,0.3517587939698492,"[-0.742823928077574, -0.6693005453005748, -0.015792147914591735]","[-0.6688170007714728, 0.7429291569499309, -0.027204544339449743]","[-0.029940463497663626, 0.009646129483813888, 0.9995051379715498]",0.2931279344218744,0.011119238920165891,0.0299433625865292,-0.662781867440625,87.60186981668964,0.010771429567399867,42.027470232872304,0.3517587939698492
55,161,304,1024,2.3679773238866537,1.9659151525317016,2.003039156739669,1.77,2.7,0.30000000000000004,4.321608040201005,0.7537688442211055,0.3517587939698492,"[-0.7208831072156291, -0.6925186427308666, -0.02730339175519552]","[-0.6917898198333801, 0.7213876957267976, -0.03204118644620973]","[-0.04188544981302237, 0.004209741581052091, 0.9991135506886998]",0.2528287828564915,0.00934307163670841,-0.002200372176521198,-0.6154675681572748,56.57053269366821,0.006543373991772504,43.87256038652338,0.40201005025125625
56,906,350,86,2.3914467153359573,1.9915639476538098,2.0056839601704484,0.75,1.2000000000000002,0.30000000000000004,1.0050251256281406,0.5527638190954773,0.3517587939698492,"[-0.6586712051237903, -0.7523728966594734, 0.00934172965822246]","[-0.7517989906321588, 0.6575586072073545, -0.049142199502989474]","[-0.030830524245313524, 0.039391654696877956, 0.9987481045363744]",0.043947590857139056,-0.002599954300176383,-0.008278049659596363,-0.5544384260979505,127.96275629137531,0.005575140504803631,48.801390088158236,0.20100502512562812
57,1445,390,1856,2.427473437649392,2.0254671293003548,2.0015537722687546,2.76,2.4000000000000004,0.30000000000000004,2.964824120603015,0.5527638190954773,0.3517587939698492,"[-0.768474450582986, -0.6396254173849519, -0.01806500031286548]","[-0.5976875895119096, 0.727598081382598, -0.33670547561898223]","[-0.2285094399464072, 0.24795232889305185, 0.9414367097430878]",0.22871005424433719,0.012620386066570701,-0.009630071806658601,-0.6650396639157559,70.03544477157203,0.0077546509486093205,39.78290719592767,0.20100502512562812
58,1579,297,1256,2.2999291079952005,1.9499938342943723,1.998105837492126,2.88,2.5,0.4,5.7286432160804015,0.7035175879396984,0.40201005025125625,"[-0.7135207715755857, -0.700299667413612, -0.021644499314268935]","[-0.6998678450044327, 0.7138446579744387, -0.024714445375283802]","[-0.03275832808664541, 0.002485981041957852, 0.999460210233117]",0.3061129576283383,0.009286135204885792,-0.023030169402214352,-0.6196196090348494,33.685626701226376,0.023659826274701878,44.47789817379714,0.3015075376884422
59,116,532,720,2.391679230481861,1.9675062121482485,2.0276063668787176,1.56,1.8,0.30000000000000004,1.809045226130653,0.40201005025125625,0.3517587939698492,"[-0.830834212508319, -0.5396953784134474, -0.13580651620907777]","[0.331542467195608, -0.6759968209166295, 0.658109330245712]","[-0.4469833372414794, 0.5017541196938753, 0.7405732236576568]",0.1355738322197892,0.07087011668430696,-0.01373066190278286,-0.7292612184640679,32.92638930861437,0.025628699335997356,33.815472605446814,0.05025125628140703
60,1329,452,1076,2.3679224199397817,1.9710949505351625,2.0101205588286213,2.76,2.3000000000000003,0.4,2.7638190954773867,0.4522613065326633,0.5025125628140703,"[-0.7710895330650953, -0.6362858643429122, -0.0236903109909216]","[0.06787302495993128, -0.11913316845675047, 0.9905556726687522]","[-0.6330988741738861, 0.7621991780439341, 0.13504898559007902]",0.2857407157800688,0.00166502443003925,-0.0011166335518369983,-0.6638844206501759,57.979646402475524,0.0043009087517509835,39.548170968283266,0.05025125628140703
61,670,310,790,2.3456546786055115,1.9618936428068698,2.0106834013005397,2.67,2.4000000000000004,0.30000000000000004,3.316582914572864,0.7537688442211055,0.3015075376884422,"[-0.7172968090257735, -0.6966374520949273, -0.013473978630331118]","[-0.6959822705915781, 0.717272171376312, -0.03360522565467834]","[-0.03307516868640584, 0.014727270887651585, 0.9993443554193757]",0.23976177791421213,-0.0040902178715882176,-0.02770303610623636,-0.6419309334782253,89.91923326468384,0.011266845574937285,44.168251399850334,0.4522613065326633
62,936,438,1196,2.3460212915784777,1.956908877027524,2.0040046429460214,3.57,2.7,0.30000000000000004,2.914572864321608,0.4522613065326633,0.5025125628140703,"[-0.7728801206629967, -0.6341456114843765, -0.02270820378317199]","[0.2513570198100615, -0.338813933145277, 0.9066558152346634]","[-0.5826456621962923, 0.6950283894501971, 0.42125950455996813]",0.3052455637684633,0.005978001758426166,0.014511417192649242,-0.6729709868398723,57.0603588377882,0.006356241780721836,39.38676963787352,0.05025125628140703
63,908,402,1290,2.3393331813756446,1.9594935927535424,2.001947522770854,2.85,2.4000000000000004,0.5,3.6683417085427132,0.5527638190954773,0.5025125628140703,"[-0.7673474089569905, -0.6408551414787114, -0.021969105746344055]","[0.08063902117215244, -0.1304310551640104, 0.9881726003655433]","[-0.6361409452561517, 0.7565001173093788, 0.15176386354961421]",0.32318507440023353,-0.003345558118700699,-0.006065909538894604,-0.7092509777333973,67.38683709715681,0.007607031176438522,39.883717599124815,0.05025125628140703
64,137,440,1732,2.363801868193807,1.994866910922584,2.005004922131492,1.92,1.8,0.30000000000000004,2.1608040201005023,0.4522613065326633,0.40201005025125625,"[-0.7275683878588255, -0.682171814839305, -0.07270389279370493]","[-0.573136892662478, 0.5461681952214236, 0.6109127636559678]","[0.3770389147789773, -0.4861500977758021, 0.788352547515938]",0.15419666754678993,-0.02629341690637708,-0.00020514870377070403,-0.5983852715361602,61.81371336198016,0.00575149554612993,43.317071103742464,0.05025125628140703
65,1130,486,1320,2.400215825381007,1.996371660592657,1.9928446212110291,1.68,1.8,0.4,2.0603015075376883,0.5527638190954773,0.3517587939698492,"[-0.7727514294594301, -0.6343479162163216, -0.021399753746669418]","[-0.576162966300595, 0.7152171870467796, -0.3956015819187172]","[-0.26625451082020535, 0.2933719423273173, 0.9181728807381483]",0.2162970483159626,-0.0009883033853812701,0.0064630669344311895,-0.6541893476377694,64.39221628991392,0.008371475559254195,39.398388152507614,0.20100502512562812
66,1536,288,1256,2.4104373070307563,2.002110259106384,1.995802025131791,3.54,2.8000000000000003,0.30000000000000004,4.221105527638191,0.7035175879396984,0.3015075376884422,"[-0.7413703683604843, -0.6708088934114039, -0.01963174564852395]","[-0.6701314346709241, 0.741555798995032, -0.031919543272571245]","[-0.03596994833092934, 0.010508353677344547, 0.9992976219925985]",0.39122085246533034,0.011372962675451088,0.01679343445049266,-0.7221245975643114,100.77928834633116,0.02552056640662073,42.15171887525048,0.40201005025125625
67,928,436,1196,2.3576341715383613,1.9649339870604696,2.0038036647964943,3.69,2.9000000000000004,0.30000000000000004,2.8643216080402008,0.40201005025125625,0.5527638190954773,"[-0.7716799002106801, -0.6356311109738874, -0.021982319553150935]","[0.1445442808784228, -0.2089308951189727, 0.9671891396878506]","[-0.6193682930826979, 0.7431830002273242, 0.2531046141360104]",0.33273571065130764,0.00807677912523609,0.020602561590756675,-0.6922255142683742,73.5074350310784,0.0063136505479087545,39.49501698439708,0.1507537688442211
68,866,404,108,2.349916254745804,1.9563893041602007,1.9976175445274742,2.13,1.9000000000000001,0.30000000000000004,2.7638190954773867,0.5527638190954773,0.3015075376884422,"[-0.7375756749534783, -0.675252126944143, -0.004085189632336051]","[-0.675264465699467, 0.737563575887506, 0.00422763381204112]","[-0.00015836834988260283, -0.005876783256732782, 0.9999827190196935]",0.18215926557646409,0.00548205093763215,-0.0493702582856824,-0.6245971778720358,104.34889929273011,0.023155048701861417,42.474692294727596,0.25125628140703515
69,592,490,950,2.352933767218706,1.9849300132394803,2.0326987418370503,3.84,3.1,0.4,6.984924623115577,0.5025125628140703,0.4522613065326633,"[-0.7705775611935873, -0.6371804416051611, -0.014536403296369387]","[-0.5303616066785872, 0.6284136349251938, 0.5690455777891722]","[0.3534498385149588, -0.4462033037483665, 0.8221774889753382]",0.2696770742256067,-0.06699066066870485,0.02293624607335184,-0.6687025826254707,40.508914386074714,0.007397340493119203,39.5942182931283,0.05025125628140703
70,626,498,950,2.3286352475374628,1.963050554854053,2.028053967377351,2.67,1.8,0.30000000000000004,2.6130653266331656,0.40201005025125625,0.40201005025125625,"[-0.7156219745674449, -0.6961521546967405, -0.05707334778403176]","[-0.6075059889611711, 0.5800031277372166, 0.5427088033110902]","[0.3447051825727325, -0.42304674602948045, 0.8379795867330941]",0.19928486714093285,-0.0637625937910534,-0.03362959533273886,-0.6206006143086942,55.08268908444186,0.007530320053006079,44.30580455429741,0.0
71,573,294,1566,2.4312298507401446,2.014679607579582,2.0088857675584473,2.6399999999999997,2.5,0.30000000000000004,3.316582914572864,0.6532663316582914,0.3517587939698492,"[-0.7455510617219925, -0.6662495316610006, -0.01628422324542703]","[-0.6663033757302407, 0.7456760646551187, -0.0026491679714960473]","[-0.013907762425915998, -0.008875142925744109, 0.9998638937287175]",0.30116566571848774,0.01848820312451015,0.02404346889941358,-0.6755968345463357,89.30430904524505,0.0069493351887520895,41.79354718768217,0.3015075376884422
72,1507,280,1256,2.47116699712442,2.0519697852955145,1.9936118318639835,3.4499999999999997,2.8000000000000003,0.30000000000000004,6.281407035175879,0.7537688442211055,0.3015075376884422,"[-0.7643718223361454, -0.6445346709618829, -0.017628815801910398]","[-0.6439481206288918, 0.7644901646782348, -0.029759133871192292]","[-0.03265784985326429, 0.011395000583715453, 0.9994016303792278]",0.41996005692318966,0.004601956190507337,0.019584973158808004,-0.6901526897264274,37.500884801464856,0.023549667328119528,40.14886111797391,0.4522613065326633
73,1199,286,1396,2.3743713218825877,1.9963840155323778,1.9950830028325681,3.7199999999999998,2.6,0.30000000000000004,4.1708542713567835,0.7537688442211055,0.3517587939698492,"[-0.7421465797644216, -0.6698707348729316, -0.02217324299172057]","[-0.6671858931847103, 0.74151645446884, -0.07082606643941783]","[-0.06388613370122857, 0.03776964803594891, 0.9972422050875852]",0.31156740059784627,0.05683703940937029,0.017677717995294658,-0.6859762485722101,60.50339721155514,0.008330085959885387,42.085406320640224,0.40201005025125625
74,1479,333,626,2.4845460065093823,2.057447130371004,2.0182340932705825,0.69,1.2000000000000002,0.30000000000000004,0.9045226130653266,1.3567839195979898,0.5025125628140703,"[-0.7203590189143324, -0.693174115265673, -0.024341934894998134]","[-0.6932654577652007, 0.7206587256671783, -0.005831482604418274]","[-0.021584460576707563, -0.012674661550136844, 0.9996866829243061]",0.3876744702471199,0.016591980881501114,0.18613153735569116,-0.6706003703479424,451.43216830591786,0.09108640530524674,43.91587033768361,0.8542713567839195
75,922,484,1014,2.3430284168620386,1.9593518431508656,2.0034646990447005,2.61,2.2,0.30000000000000004,3.065326633165829,0.5025125628140703,0.3517587939698492,"[-0.7652694532404853, -0.6435873543279614, -0.012569060670697643]","[-0.641705270131751, 0.7642804668564614, -0.06395087385490063]","[-0.05076426126858471, 0.040874017796198696, 0.9978738920560306]",0.22066625563947606,-0.0035494343350433027,-0.02079356710408922,-0.6752472660035709,64.83818542479125,0.004347287914989704,40.069030273854956,0.1507537688442211
